# frequency(Hz) HVamp
2.000000000000000042e-02 4.513679999999999914e-01
2.043777802275861116e-02 4.525500000000000078e-01
2.088513892042544867e-02 4.557030000000000247e-01
2.134229185993890415e-02 4.595730000000000093e-01
2.180945121728470465e-02 4.624539999999999762e-01
2.228683671448790371e-02 4.635460000000000136e-01
2.277467095838639488e-02 4.639019999999999810e-01
2.327318386720582041e-02 4.660139999999999838e-01
2.378260869151607032e-02 4.721650000000000014e-01
2.430318396985316209e-02 4.830860000000000154e-01
2.483515418061077798e-02 4.960620000000000029e-01
2.537876860438217572e-02 5.048620000000000330e-01
2.593428185548686538e-02 5.029599999999999627e-01
2.650195524800330604e-02 4.878460000000000019e-01
2.708205410122367304e-02 4.629920000000000146e-01
2.767485116257483238e-02 4.355769999999999920e-01
2.828062296556268368e-02 4.119880000000000209e-01
2.889965516642458918e-02 3.950009999999999910e-01
2.953223712425469966e-02 3.842869999999999897e-01
3.017866585007221089e-02 3.787320000000000131e-01
3.083924344304486698e-02 3.776800000000000157e-01
3.151428172097601316e-02 3.803489999999999926e-01
3.220409460893151193e-02 3.850629999999999886e-01
3.290900679366954434e-02 3.894839999999999969e-01
3.362935008254323843e-02 3.916990000000000194e-01
3.436545982617606604e-02 3.913429999999999964e-01
3.511768145762538679e-02 3.898340000000000138e-01
3.588636982920923035e-02 3.891950000000000132e-01
3.667188287528685281e-02 3.902030000000000221e-01
3.747459035401046190e-02 3.917910000000000004e-01
3.829486888200696326e-02 3.921780000000000266e-01
3.913310161841203338e-02 3.904929999999999790e-01
3.998968266187323539e-02 3.873739999999999961e-01
4.086501260624340881e-02 3.840560000000000085e-01
4.175950326235679244e-02 3.813570000000000015e-01
4.267357455111880221e-02 3.797869999999999857e-01
4.360765235805109941e-02 3.801160000000000094e-01
4.456217573218773653e-02 3.828070000000000084e-01
4.553759360593897382e-02 3.863349999999999840e-01
4.653436264861679494e-02 3.867709999999999759e-01
4.755294901990994583e-02 3.791039999999999965e-01
4.859383060501651364e-02 3.598839999999999817e-01
4.965749734357217948e-02 3.305139999999999745e-01
5.074444382592605690e-02 2.963910000000000156e-01
5.185518671652646766e-02 2.631439999999999890e-01
5.299023919793973553e-02 2.346910000000000107e-01
5.415013688613103116e-02 2.125569999999999959e-01
5.533542508618215922e-02 1.958080000000000098e-01
5.654665825930951795e-02 1.816520000000000079e-01
5.778440269534190765e-02 1.667609999999999926e-01
5.904923992113619846e-02 1.490650000000000031e-01
6.034176368113722960e-02 1.285850000000000048e-01
6.166257977365023624e-02 1.062069999999999959e-01
6.301230579922413588e-02 8.296299999999999508e-02
6.439157495481964699e-02 6.022700000000000276e-02
6.580103648476649802e-02 3.953700000000000270e-02
6.724135160227064090e-02 2.212499999999999883e-02
6.871319291929786632e-02 8.155000000000000790e-03
7.021724865648072689e-02 -3.733999999999999906e-03
7.175422799231455373e-02 -1.594299999999999884e-02
7.332484622679873165e-02 -3.058100000000000054e-02
7.492985067379918929e-02 -4.825200000000000322e-02
7.656998328017844413e-02 -6.845600000000000296e-02
7.824601847091161577e-02 -9.067000000000000060e-02
7.995873489609482687e-02 -1.143819999999999976e-01
8.170894587125514252e-02 -1.386350000000000082e-01
8.349746848200181870e-02 -1.618050000000000044e-01
8.532513483931059017e-02 -1.817789999999999961e-01
8.719280666320453066e-02 -1.966400000000000092e-01
8.910136197668877545e-02 -2.058389999999999942e-01
9.105169441740208758e-02 -2.110269999999999924e-01
9.304472101470850909e-02 -2.153090000000000004e-01
9.508136492722282784e-02 -2.214909999999999934e-01
9.716259003207046441e-02 -2.314249999999999918e-01
9.928937600698042876e-02 -2.458760000000000112e-01
1.014627169666056788e-01 -2.638409999999999922e-01
1.036836198025345573e-01 -2.821330000000000227e-01
1.059531470945422049e-01 -2.963120000000000198e-01
1.082723426204657002e-01 -3.029169999999999918e-01
1.106423073612318730e-01 -3.014080000000000092e-01
1.130641434367904014e-01 -2.941630000000000078e-01
1.155389888050807612e-01 -2.846730000000000094e-01
1.180680199308263012e-01 -2.754579999999999806e-01
1.206523964642573915e-01 -2.670710000000000028e-01
1.232933427266421494e-01 -2.587059999999999915e-01
1.259921091142061633e-01 -2.499379999999999935e-01
1.287499385219043613e-01 -2.420019999999999949e-01
1.315681276210838024e-01 -2.372599999999999987e-01
1.344480149355610776e-01 -2.372319999999999984e-01
1.373909270603933253e-01 -2.410219999999999863e-01
1.403982677661723133e-01 -2.454969999999999930e-01
1.434714465996406174e-01 -2.469250000000000056e-01
1.466118729226930095e-01 -2.429759999999999975e-01
1.498210387691902012e-01 -2.338790000000000036e-01
1.531004603883944215e-01 -2.219969999999999999e-01
1.564516759885790365e-01 -2.103329999999999922e-01
1.598762174374112610e-01 -2.010770000000000057e-01
1.633757347823671657e-01 -1.948219999999999952e-01
1.669518482487836186e-01 -1.905300000000000049e-01
1.706062493069121222e-01 -1.863450000000000106e-01
1.743406480276755433e-01 -1.807140000000000135e-01
1.781567686922972404e-01 -1.725919999999999954e-01
1.820564109071452219e-01 -1.609220000000000095e-01
1.860414236112984399e-01 -1.448689999999999978e-01
1.901136708649468487e-01 -1.248790000000000039e-01
1.942750635716576912e-01 -1.031099999999999933e-01
1.985275213739692568e-01 -8.264599999999999724e-02
2.028730886819132551e-01 -6.622699999999999421e-02
2.073137384534022021e-01 -5.523200000000000331e-02
2.118516148918974384e-01 -4.929200000000000248e-02
2.164888283105038391e-01 -4.674099999999999783e-02
2.212275340673810209e-01 -4.539200000000000179e-02
2.260699835805370650e-01 -4.267900000000000166e-02
2.310183752015635139e-01 -3.554500000000000021e-02
2.360751096568884100e-01 -2.150200000000000028e-02
2.412425341466744866e-01 -6.099999999999999737e-04
2.465230998307618715e-01 2.415199999999999986e-02
2.519191833183147544e-01 4.906599999999999850e-02
2.574334553825345373e-01 7.209300000000000430e-02
2.630683822583526066e-01 9.338499999999999579e-02
2.688266710467492326e-01 1.141690000000000066e-01
2.747110108843249798e-01 1.354499999999999871e-01
2.807241335168895180e-01 1.575189999999999924e-01
2.868688920234096495e-01 1.801069999999999893e-01
2.931481028187655768e-01 2.026979999999999893e-01
2.995647922697904919e-01 2.246140000000000081e-01
3.061219491886544297e-01 2.448180000000000078e-01
3.128225983045015424e-01 2.618070000000000119e-01
3.196699982673885665e-01 2.741330000000000156e-01
3.266672524899394969e-01 2.814429999999999987e-01
3.338175913859038335e-01 2.853310000000000013e-01
3.411245032800827026e-01 2.889800000000000146e-01
3.485912903071751723e-01 2.953959999999999919e-01
3.562216425308692980e-01 3.056639999999999913e-01
3.640189144227933826e-01 3.189480000000000093e-01
3.719868599361595973e-01 3.338189999999999769e-01
3.801292743636255911e-01 3.492330000000000156e-01
3.884498326752345854e-01 3.644060000000000077e-01
3.969526737144291051e-01 3.781970000000000054e-01
4.056414997215270768e-01 3.890230000000000077e-01
4.145204868460213854e-01 3.956149999999999944e-01
4.235940173275368759e-01 3.979849999999999777e-01
4.328659535344370757e-01 3.977350000000000052e-01
4.423408678727827614e-01 3.973140000000000005e-01
4.520233696082087693e-01 3.986339999999999884e-01
4.619176604055267865e-01 4.019229999999999747e-01
4.720285331807737017e-01 4.056879999999999931e-01
4.823605567984378673e-01 4.079909999999999926e-01
4.929189725005434508e-01 4.079860000000000153e-01
5.037085542305222985e-01 4.065579999999999750e-01
5.147340034826902722e-01 4.057529999999999748e-01
5.260010193899755659e-01 4.075130000000000141e-01
5.375147682182568332e-01 4.124340000000000228e-01
5.492803329078241870e-01 4.193870000000000098e-01
5.613033013614973088e-01 4.263370000000000215e-01
5.735898580135665448e-01 4.316200000000000037e-01
5.861448258358571417e-01 4.346849999999999881e-01
5.989749143316128732e-01 4.359439999999999982e-01
6.120861303119130570e-01 4.360089999999999799e-01
6.254839682204105245e-01 4.350160000000000138e-01
6.391749019026319312e-01 4.324560000000000071e-01
6.531657310067570110e-01 4.274959999999999871e-01
6.674631727194452191e-01 4.196269999999999722e-01
6.820728740300071591e-01 4.093640000000000057e-01
6.970030263871405118e-01 3.983220000000000094e-01
7.122593364734473020e-01 3.883759999999999990e-01
7.278502433567288765e-01 3.805819999999999759e-01
7.437819826252529687e-01 3.748270000000000213e-01
7.600626595656545526e-01 3.703629999999999978e-01
7.766996323880640540e-01 3.665970000000000062e-01
7.937005574159013976e-01 3.634530000000000260e-01
8.110740810733430006e-01 3.611210000000000253e-01
8.288272757110509703e-01 3.594149999999999845e-01
8.469695429752346350e-01 3.574379999999999780e-01
8.655086161382736787e-01 3.540420000000000234e-01
8.844540397880493732e-01 3.487999999999999989e-01
9.038134601323364326e-01 3.425099999999999811e-01
9.235972635660274488e-01 3.366830000000000100e-01
9.438138195107080852e-01 3.324509999999999965e-01
9.644726842046378312e-01 3.299279999999999990e-01
9.855838648094324972e-01 3.283980000000000232e-01
1.007156856623164121e+00 3.269480000000000164e-01
1.029202594413900052e+00 3.250509999999999788e-01
1.051730412046940843e+00 3.227050000000000196e-01
1.074752242739242414e+00 3.202990000000000004e-01
1.098277132661993116e+00 3.185640000000000138e-01
1.122316821060050707e+00 3.185069999999999846e-01
1.146883687643933891e+00 3.212070000000000203e-01
1.171988078537265165e+00 3.275529999999999831e-01
1.197640647923590596e+00 3.380630000000000024e-01
1.223856887071053556e+00 3.527609999999999912e-01
1.250645645814651763e+00 3.711149999999999727e-01
1.278020601692099190e+00 3.920159999999999756e-01
1.305994514823037633e+00 4.138519999999999976e-01
1.334582502555725414e+00 4.348210000000000131e-01
1.363795059788775355e+00 4.536430000000000184e-01
1.393646643680787944e+00 4.704070000000000196e-01
1.424152486855072564e+00 4.867090000000000027e-01
1.455324450032890349e+00 5.046540000000000470e-01
1.487179029585939727e+00 5.254839999999999511e-01
1.519733742648287977e+00 5.488389999999999658e-01
1.552997595959721311e+00 5.729769999999999586e-01
1.586991746055928854e+00 5.956320000000000503e-01
1.621728568046108876e+00 6.150259999999999616e-01
1.657226002538870313e+00 6.307260000000000089e-01
1.693503044918474698e+00 6.441130000000000466e-01
1.730570880722132499e+00 6.581879999999999953e-01
1.768449794594556090e+00 6.763980000000000548e-01
1.807161419272292235e+00 7.007959999999999745e-01
1.846718657952616915e+00 7.308170000000000499e-01
1.887141395956233536e+00 7.638310000000000377e-01
1.928446905999783967e+00 7.969100000000000072e-01
1.970660801980119947e+00 8.281500000000000528e-01
2.013794492272063863e+00 8.567660000000000275e-01
2.057875696076454375e+00 8.825830000000000064e-01
2.102921167794182811e+00 9.055220000000000491e-01
2.148947875120341244e+00 9.251329999999999831e-01
2.195987491655247315e+00 9.403299999999999992e-01
2.244054377925685628e+00 9.495839999999999836e-01
2.293172994677545429e+00 9.515860000000000429e-01
2.343369202504593130e+00 9.461150000000000393e-01
2.394664687077192156e+00 9.343660000000000299e-01
2.447081854888045971e+00 9.181629999999999514e-01
2.500643915808320461e+00 8.989519999999999733e-01
2.555381505681890708e+00 8.776249999999999885e-01
2.611313778074887182e+00 8.550790000000000335e-01
2.668474113132628389e+00 8.326590000000000380e-01
2.726883526623927079e+00 8.118990000000000373e-01
2.786570957242854973e+00 7.938479999999999981e-01
2.847566896465314912e+00 7.786049999999999915e-01
2.909895098281706893e+00 7.652529999999999610e-01
2.973597428432943612e+00 7.521790000000000420e-01
3.038682427299522981e+00 7.376679999999999904e-01
3.105194680180473732e+00 7.204549999999999566e-01
3.173162659491088000e+00 7.000760000000000316e-01
3.242626267866870915e+00 6.770429999999999504e-01
3.313595350363004233e+00 6.528450000000000086e-01
3.386134456627003964e+00 6.296230000000000437e-01
3.460243531939777739e+00 6.094749999999999890e-01
3.535992871438371044e+00 5.937310000000000088e-01
3.613382523514086397e+00 5.825660000000000283e-01
3.692475841976804229e+00 5.750030000000000419e-01
3.773300128292204736e+00 5.692679999999999962e-01
3.855897402281920350e+00 5.634470000000000312e-01
3.940296625529969621e+00 5.562559999999999727e-01
4.026542971266589888e+00 5.475419999999999732e-01
4.114684485993613805e+00 5.381909999999999750e-01
4.204754736656211023e+00 5.295990000000000419e-01
4.296787721499407020e+00 5.230479999999999574e-01
4.390837200929101236e+00 5.192809999999999926e-01
4.486960891648868355e+00 5.183459999999999734e-01
4.585157844058781684e+00 5.196809999999999485e-01
4.685530612914259763e+00 5.223510000000000097e-01
4.788102522851219511e+00 5.253050000000000219e-01
4.892894538551115780e+00 5.275050000000000017e-01
