# frequency(Hz) HVamp
2.000000000000000042e-02 7.980779999999999541e-01
2.043777802275861116e-02 7.746549999999999825e-01
2.088513892042544867e-02 7.682830000000000492e-01
2.134229185993890415e-02 7.773640000000000549e-01
2.180945121728470465e-02 7.967459999999999543e-01
2.228683671448790371e-02 8.181910000000000016e-01
2.277467095838639488e-02 8.336519999999999486e-01
2.327318386720582041e-02 8.398330000000000517e-01
2.378260869151607032e-02 8.397320000000000340e-01
2.430318396985316209e-02 8.392490000000000228e-01
2.483515418061077798e-02 8.429910000000000458e-01
2.537876860438217572e-02 8.529330000000000522e-01
2.593428185548686538e-02 8.696720000000000006e-01
2.650195524800330604e-02 8.940540000000000154e-01
2.708205410122367304e-02 9.273599999999999621e-01
2.767485116257483238e-02 9.700609999999999511e-01
2.828062296556268368e-02 1.020907999999999927e+00
2.889965516642458918e-02 1.077506999999999993e+00
2.953223712425469966e-02 1.137283999999999962e+00
3.017866585007221089e-02 1.197567000000000048e+00
3.083924344304486698e-02 1.255152999999999963e+00
3.151428172097601316e-02 1.306362999999999941e+00
3.220409460893151193e-02 1.348065000000000069e+00
3.290900679366954434e-02 1.379687000000000108e+00
3.362935008254323843e-02 1.405084999999999917e+00
3.436545982617606604e-02 1.432158000000000042e+00
3.511768145762538679e-02 1.469130999999999965e+00
3.588636982920923035e-02 1.519857999999999931e+00
3.667188287528685281e-02 1.581533999999999995e+00
3.747459035401046190e-02 1.646131000000000011e+00
3.829486888200696326e-02 1.704147999999999996e+00
3.913310161841203338e-02 1.747552999999999912e+00
3.998968266187323539e-02 1.770410000000000039e+00
4.086501260624340881e-02 1.768923999999999941e+00
4.175950326235679244e-02 1.742447000000000079e+00
4.267357455111880221e-02 1.694884999999999975e+00
4.360765235805109941e-02 1.635080000000000089e+00
4.456217573218773653e-02 1.574923999999999991e+00
4.553759360593897382e-02 1.525198000000000054e+00
4.653436264861679494e-02 1.491552999999999907e+00
4.755294901990994583e-02 1.473527999999999949e+00
4.859383060501651364e-02 1.466723999999999917e+00
4.965749734357217948e-02 1.466105999999999909e+00
5.074444382592605690e-02 1.468053000000000052e+00
5.185518671652646766e-02 1.469934000000000074e+00
5.299023919793973553e-02 1.468485000000000040e+00
5.415013688613103116e-02 1.459670999999999941e+00
5.533542508618215922e-02 1.440552999999999972e+00
5.654665825930951795e-02 1.411102000000000078e+00
5.778440269534190765e-02 1.374468999999999941e+00
5.904923992113619846e-02 1.335725000000000051e+00
6.034176368113722960e-02 1.299752000000000018e+00
6.166257977365023624e-02 1.269517999999999924e+00
6.301230579922413588e-02 1.245883000000000074e+00
6.439157495481964699e-02 1.228521999999999892e+00
6.580103648476649802e-02 1.216663000000000050e+00
6.724135160227064090e-02 1.209473999999999938e+00
6.871319291929786632e-02 1.206533000000000078e+00
7.021724865648072689e-02 1.207792999999999894e+00
7.175422799231455373e-02 1.212666000000000022e+00
7.332484622679873165e-02 1.219095000000000040e+00
7.492985067379918929e-02 1.223759999999999959e+00
7.656998328017844413e-02 1.223791999999999991e+00
7.824601847091161577e-02 1.218491999999999909e+00
7.995873489609482687e-02 1.209300000000000042e+00
8.170894587125514252e-02 1.198607999999999896e+00
8.349746848200181870e-02 1.188736999999999933e+00
8.532513483931059017e-02 1.181014000000000008e+00
8.719280666320453066e-02 1.174981999999999971e+00
8.910136197668877545e-02 1.168595000000000050e+00
9.105169441740208758e-02 1.159748999999999919e+00
9.304472101470850909e-02 1.148201999999999945e+00
9.508136492722282784e-02 1.136565000000000047e+00
9.716259003207046441e-02 1.129674000000000067e+00
9.928937600698042876e-02 1.132608999999999977e+00
1.014627169666056788e-01 1.148466999999999905e+00
1.036836198025345573e-01 1.176832000000000100e+00
1.059531470945422049e-01 1.213513999999999982e+00
1.082723426204657002e-01 1.251878000000000046e+00
1.106423073612318730e-01 1.285374999999999934e+00
1.130641434367904014e-01 1.309968000000000021e+00
1.155389888050807612e-01 1.325150999999999968e+00
1.180680199308263012e-01 1.333171000000000106e+00
1.206523964642573915e-01 1.337509000000000059e+00
1.232933427266421494e-01 1.341943000000000108e+00
1.259921091142061633e-01 1.349977999999999900e+00
1.287499385219043613e-01 1.363450999999999969e+00
1.315681276210838024e-01 1.380657999999999941e+00
1.344480149355610776e-01 1.396130000000000093e+00
1.373909270603933253e-01 1.403292999999999902e+00
1.403982677661723133e-01 1.398514000000000035e+00
1.434714465996406174e-01 1.383019999999999916e+00
1.466118729226930095e-01 1.360989999999999922e+00
1.498210387691902012e-01 1.336241000000000012e+00
1.531004603883944215e-01 1.310786999999999924e+00
1.564516759885790365e-01 1.286021999999999998e+00
1.598762174374112610e-01 1.264599999999999946e+00
1.633757347823671657e-01 1.250204000000000093e+00
1.669518482487836186e-01 1.245135000000000103e+00
1.706062493069121222e-01 1.248440999999999912e+00
1.743406480276755433e-01 1.256547000000000081e+00
1.781567686922972404e-01 1.265862000000000043e+00
1.820564109071452219e-01 1.275057000000000107e+00
1.860414236112984399e-01 1.285136999999999974e+00
1.901136708649468487e-01 1.297644000000000020e+00
1.942750635716576912e-01 1.312904999999999989e+00
1.985275213739692568e-01 1.329568000000000083e+00
2.028730886819132551e-01 1.345105999999999913e+00
2.073137384534022021e-01 1.356665999999999928e+00
2.118516148918974384e-01 1.361909999999999954e+00
2.164888283105038391e-01 1.359513999999999889e+00
2.212275340673810209e-01 1.349166000000000087e+00
2.260699835805370650e-01 1.331323000000000034e+00
2.310183752015635139e-01 1.307412000000000019e+00
2.360751096568884100e-01 1.280332000000000026e+00
2.412425341466744866e-01 1.254432999999999909e+00
2.465230998307618715e-01 1.235120999999999913e+00
2.519191833183147544e-01 1.228302999999999923e+00
2.574334553825345373e-01 1.238944000000000045e+00
2.630683822583526066e-01 1.268707000000000029e+00
2.688266710467492326e-01 1.314354999999999940e+00
2.747110108843249798e-01 1.368832999999999966e+00
2.807241335168895180e-01 1.424725000000000019e+00
2.868688920234096495e-01 1.477705000000000046e+00
2.931481028187655768e-01 1.528032000000000057e+00
2.995647922697904919e-01 1.579293999999999976e+00
3.061219491886544297e-01 1.635015000000000107e+00
3.128225983045015424e-01 1.695702999999999960e+00
3.196699982673885665e-01 1.758802999999999894e+00
3.266672524899394969e-01 1.821425000000000072e+00
3.338175913859038335e-01 1.883151000000000019e+00
3.411245032800827026e-01 1.946398000000000073e+00
3.485912903071751723e-01 2.014495999999999842e+00
3.562216425308692980e-01 2.089405999999999874e+00
3.640189144227933826e-01 2.170166000000000039e+00
3.719868599361595973e-01 2.252470999999999890e+00
3.801292743636255911e-01 2.329912999999999901e+00
3.884498326752345854e-01 2.396361999999999881e+00
3.969526737144291051e-01 2.448020000000000085e+00
4.056414997215270768e-01 2.484550000000000036e+00
4.145204868460213854e-01 2.509571999999999914e+00
4.235940173275368759e-01 2.529997999999999969e+00
4.328659535344370757e-01 2.553231999999999946e+00
4.423408678727827614e-01 2.583213000000000203e+00
4.520233696082087693e-01 2.618154000000000092e+00
4.619176604055267865e-01 2.651520999999999795e+00
4.720285331807737017e-01 2.675606999999999847e+00
4.823605567984378673e-01 2.686132999999999882e+00
4.929189725005434508e-01 2.685156000000000098e+00
5.037085542305222985e-01 2.679755000000000109e+00
5.147340034826902722e-01 2.677124000000000059e+00
5.260010193899755659e-01 2.679586000000000023e+00
5.375147682182568332e-01 2.683330999999999911e+00
5.492803329078241870e-01 2.681760999999999839e+00
5.613033013614973088e-01 2.670821000000000112e+00
5.735898580135665448e-01 2.652404000000000206e+00
5.861448258358571417e-01 2.633252999999999844e+00
5.989749143316128732e-01 2.620182999999999929e+00
6.120861303119130570e-01 2.615337999999999941e+00
6.254839682204105245e-01 2.614911999999999903e+00
6.391749019026319312e-01 2.611978000000000133e+00
6.531657310067570110e-01 2.601261000000000045e+00
6.674631727194452191e-01 2.582422999999999913e+00
6.820728740300071591e-01 2.559282000000000057e+00
6.970030263871405118e-01 2.535881999999999969e+00
7.122593364734473020e-01 2.513339999999999907e+00
7.278502433567288765e-01 2.489876999999999896e+00
7.437819826252529687e-01 2.462940999999999825e+00
7.600626595656545526e-01 2.431076000000000015e+00
7.766996323880640540e-01 2.394479000000000024e+00
7.937005574159013976e-01 2.354712999999999834e+00
8.110740810733430006e-01 2.314372999999999791e+00
8.288272757110509703e-01 2.276739000000000068e+00
8.469695429752346350e-01 2.245007000000000197e+00
8.655086161382736787e-01 2.221232999999999791e+00
8.844540397880493732e-01 2.205446999999999935e+00
9.038134601323364326e-01 2.195459000000000049e+00
9.235972635660274488e-01 2.187895999999999841e+00
9.438138195107080852e-01 2.180320000000000036e+00
9.644726842046378312e-01 2.172708000000000084e+00
9.855838648094324972e-01 2.166570999999999803e+00
1.007156856623164121e+00 2.162192000000000114e+00
1.029202594413900052e+00 2.156355000000000022e+00
1.051730412046940843e+00 2.142666000000000182e+00
1.074752242739242414e+00 2.114812999999999832e+00
1.098277132661993116e+00 2.070971999999999813e+00
1.122316821060050707e+00 2.016129999999999978e+00
1.146883687643933891e+00 1.960010999999999948e+00
1.171988078537265165e+00 1.911988000000000021e+00
1.197640647923590596e+00 1.876989999999999936e+00
1.223856887071053556e+00 1.854958000000000107e+00
1.250645645814651763e+00 1.843118999999999952e+00
1.278020601692099190e+00 1.838584999999999914e+00
1.305994514823037633e+00 1.839525999999999994e+00
1.334582502555725414e+00 1.844751999999999947e+00
1.363795059788775355e+00 1.852684999999999915e+00
1.393646643680787944e+00 1.860953999999999997e+00
1.424152486855072564e+00 1.867304000000000075e+00
1.455324450032890349e+00 1.871078999999999937e+00
1.487179029585939727e+00 1.873566999999999982e+00
1.519733742648287977e+00 1.876454000000000066e+00
1.552997595959721311e+00 1.879445999999999950e+00
1.586991746055928854e+00 1.878935000000000022e+00
1.621728568046108876e+00 1.869248999999999938e+00
1.657226002538870313e+00 1.846259000000000094e+00
1.693503044918474698e+00 1.810923000000000060e+00
1.730570880722132499e+00 1.769779999999999909e+00
1.768449794594556090e+00 1.731411999999999951e+00
1.807161419272292235e+00 1.701540999999999970e+00
1.846718657952616915e+00 1.680385999999999935e+00
1.887141395956233536e+00 1.663635999999999893e+00
1.928446905999783967e+00 1.645801999999999987e+00
1.970660801980119947e+00 1.623682000000000070e+00
2.013794492272063863e+00 1.597901000000000016e+00
2.057875696076454375e+00 1.571860999999999953e+00
2.102921167794182811e+00 1.549323000000000006e+00
2.148947875120341244e+00 1.532305000000000028e+00
2.195987491655247315e+00 1.520332000000000017e+00
2.244054377925685628e+00 1.511219000000000090e+00
2.293172994677545429e+00 1.502679000000000098e+00
2.343369202504593130e+00 1.493529000000000106e+00
2.394664687077192156e+00 1.483816999999999942e+00
2.447081854888045971e+00 1.474058000000000090e+00
2.500643915808320461e+00 1.464606000000000074e+00
2.555381505681890708e+00 1.455800999999999901e+00
2.611313778074887182e+00 1.448207000000000022e+00
2.668474113132628389e+00 1.442577999999999916e+00
2.726883526623927079e+00 1.439678000000000013e+00
2.786570957242854973e+00 1.439913999999999916e+00
2.847566896465314912e+00 1.442881999999999998e+00
2.909895098281706893e+00 1.447454999999999936e+00
2.973597428432943612e+00 1.452712999999999921e+00
3.038682427299522981e+00 1.458808000000000105e+00
3.105194680180473732e+00 1.466753999999999891e+00
3.173162659491088000e+00 1.477365000000000039e+00
3.242626267866870915e+00 1.490267000000000008e+00
3.313595350363004233e+00 1.503548000000000107e+00
3.386134456627003964e+00 1.514159999999999950e+00
3.460243531939777739e+00 1.519098999999999977e+00
3.535992871438371044e+00 1.516918999999999906e+00
3.613382523514086397e+00 1.508447000000000093e+00
3.692475841976804229e+00 1.496045999999999987e+00
3.773300128292204736e+00 1.481940999999999953e+00
3.855897402281920350e+00 1.467149000000000036e+00
3.940296625529969621e+00 1.451840999999999937e+00
4.026542971266589888e+00 1.436352999999999991e+00
4.114684485993613805e+00 1.421840999999999910e+00
4.204754736656211023e+00 1.410352999999999968e+00
4.296787721499407020e+00 1.404428999999999927e+00
4.390837200929101236e+00 1.406325999999999965e+00
4.486960891648868355e+00 1.417221999999999982e+00
4.585157844058781684e+00 1.436852000000000018e+00
4.685530612914259763e+00 1.463681999999999928e+00
4.788102522851219511e+00 1.495595000000000008e+00
4.892894538551115780e+00 1.530685000000000073e+00
