# frequency(Hz) HVamp
2.000000000000000042e-02 9.773220000000000240e-01
2.043777802275861116e-02 1.022875999999999896e+00
2.088513892042544867e-02 1.067066000000000070e+00
2.134229185993890415e-02 1.105822000000000083e+00
2.180945121728470465e-02 1.137408999999999892e+00
2.228683671448790371e-02 1.163249999999999895e+00
2.277467095838639488e-02 1.187745999999999968e+00
2.327318386720582041e-02 1.216299000000000019e+00
2.378260869151607032e-02 1.252477000000000062e+00
2.430318396985316209e-02 1.296033999999999908e+00
2.483515418061077798e-02 1.341879999999999962e+00
2.537876860438217572e-02 1.380762999999999963e+00
2.593428185548686538e-02 1.404336000000000029e+00
2.650195524800330604e-02 1.412139000000000033e+00
2.708205410122367304e-02 1.413691000000000031e+00
2.767485116257483238e-02 1.422577999999999898e+00
2.828062296556268368e-02 1.447168000000000010e+00
2.889965516642458918e-02 1.486267000000000005e+00
2.953223712425469966e-02 1.532311999999999896e+00
3.017866585007221089e-02 1.576815999999999995e+00
3.083924344304486698e-02 1.613091999999999970e+00
3.151428172097601316e-02 1.636773000000000033e+00
3.220409460893151193e-02 1.647175999999999974e+00
3.290900679366954434e-02 1.649016999999999955e+00
3.362935008254323843e-02 1.651043000000000038e+00
3.436545982617606604e-02 1.662026999999999921e+00
3.511768145762538679e-02 1.687577000000000105e+00
3.588636982920923035e-02 1.729092000000000073e+00
3.667188287528685281e-02 1.784018000000000104e+00
3.747459035401046190e-02 1.847202000000000011e+00
3.829486888200696326e-02 1.913172000000000095e+00
3.913310161841203338e-02 1.977737999999999996e+00
3.998968266187323539e-02 2.038295000000000190e+00
4.086501260624340881e-02 2.094119000000000064e+00
4.175950326235679244e-02 2.146761999999999837e+00
4.267357455111880221e-02 2.198897000000000101e+00
4.360765235805109941e-02 2.252070999999999934e+00
4.456217573218773653e-02 2.305701000000000001e+00
4.553759360593897382e-02 2.357457999999999831e+00
4.653436264861679494e-02 2.403275999999999968e+00
4.755294901990994583e-02 2.437053999999999832e+00
4.859383060501651364e-02 2.450956000000000135e+00
4.965749734357217948e-02 2.436700999999999784e+00
5.074444382592605690e-02 2.388546999999999976e+00
5.185518671652646766e-02 2.306357000000000212e+00
5.299023919793973553e-02 2.196595999999999993e+00
5.415013688613103116e-02 2.070713000000000026e+00
5.533542508618215922e-02 1.941254000000000035e+00
5.654665825930951795e-02 1.817725000000000035e+00
5.778440269534190765e-02 1.704812999999999912e+00
5.904923992113619846e-02 1.603839999999999932e+00
6.034176368113722960e-02 1.515535999999999994e+00
6.166257977365023624e-02 1.441448999999999980e+00
6.301230579922413588e-02 1.383091000000000070e+00
6.439157495481964699e-02 1.340511000000000008e+00
6.580103648476649802e-02 1.311652000000000040e+00
6.724135160227064090e-02 1.292918000000000012e+00
6.871319291929786632e-02 1.280767999999999907e+00
7.021724865648072689e-02 1.272963999999999984e+00
7.175422799231455373e-02 1.268491000000000035e+00
7.332484622679873165e-02 1.266563000000000105e+00
7.492985067379918929e-02 1.265981000000000023e+00
7.656998328017844413e-02 1.265543000000000085e+00
7.824601847091161577e-02 1.264615999999999962e+00
7.995873489609482687e-02 1.262933000000000083e+00
8.170894587125514252e-02 1.260067999999999966e+00
8.349746848200181870e-02 1.255268000000000050e+00
8.532513483931059017e-02 1.247697000000000056e+00
8.719280666320453066e-02 1.236714000000000091e+00
8.910136197668877545e-02 1.222204000000000068e+00
9.105169441740208758e-02 1.205246999999999957e+00
9.304472101470850909e-02 1.188401999999999958e+00
9.508136492722282784e-02 1.174844999999999917e+00
9.716259003207046441e-02 1.166878000000000082e+00
9.928937600698042876e-02 1.164822999999999942e+00
1.014627169666056788e-01 1.166859000000000091e+00
1.036836198025345573e-01 1.169529000000000041e+00
1.059531470945422049e-01 1.168738999999999972e+00
1.082723426204657002e-01 1.161313999999999957e+00
1.106423073612318730e-01 1.146636999999999906e+00
1.130641434367904014e-01 1.127072999999999992e+00
1.155389888050807612e-01 1.106735000000000024e+00
1.180680199308263012e-01 1.089633999999999991e+00
1.206523964642573915e-01 1.078354000000000035e+00
1.232933427266421494e-01 1.073688999999999893e+00
1.259921091142061633e-01 1.075080000000000036e+00
1.287499385219043613e-01 1.081120999999999999e+00
1.315681276210838024e-01 1.089728999999999948e+00
1.344480149355610776e-01 1.098238000000000048e+00
1.373909270603933253e-01 1.103830000000000089e+00
1.403982677661723133e-01 1.104422000000000015e+00
1.434714465996406174e-01 1.099595000000000100e+00
1.466118729226930095e-01 1.090948000000000029e+00
1.498210387691902012e-01 1.081441000000000097e+00
1.531004603883944215e-01 1.073995999999999951e+00
1.564516759885790365e-01 1.070119999999999960e+00
1.598762174374112610e-01 1.069285999999999959e+00
1.633757347823671657e-01 1.069388999999999923e+00
1.669518482487836186e-01 1.068227000000000038e+00
1.706062493069121222e-01 1.065185000000000048e+00
1.743406480276755433e-01 1.061471000000000053e+00
1.781567686922972404e-01 1.058356999999999992e+00
1.820564109071452219e-01 1.055387999999999993e+00
1.860414236112984399e-01 1.050394999999999968e+00
1.901136708649468487e-01 1.040791000000000022e+00
1.942750635716576912e-01 1.025034000000000001e+00
1.985275213739692568e-01 1.003802000000000083e+00
2.028730886819132551e-01 9.801710000000000145e-01
2.073137384534022021e-01 9.582819999999999672e-01
2.118516148918974384e-01 9.413859999999999451e-01
2.164888283105038391e-01 9.305130000000000345e-01
2.212275340673810209e-01 9.242860000000000520e-01
2.260699835805370650e-01 9.199950000000000072e-01
2.310183752015635139e-01 9.155259999999999510e-01
2.360751096568884100e-01 9.107319999999999860e-01
2.412425341466744866e-01 9.072550000000000336e-01
2.465230998307618715e-01 9.073719999999999564e-01
2.519191833183147544e-01 9.129570000000000185e-01
2.574334553825345373e-01 9.248079999999999634e-01
2.630683822583526066e-01 9.424460000000000059e-01
2.688266710467492326e-01 9.646419999999999995e-01
2.747110108843249798e-01 9.905129999999999768e-01
2.807241335168895180e-01 1.020197999999999938e+00
2.868688920234096495e-01 1.054405000000000037e+00
2.931481028187655768e-01 1.093352000000000102e+00
2.995647922697904919e-01 1.136346999999999996e+00
3.061219491886544297e-01 1.182317999999999980e+00
3.128225983045015424e-01 1.230399000000000020e+00
3.196699982673885665e-01 1.280229999999999979e+00
3.266672524899394969e-01 1.332359000000000071e+00
3.338175913859038335e-01 1.388484999999999969e+00
3.411245032800827026e-01 1.450622000000000078e+00
3.485912903071751723e-01 1.518961000000000006e+00
3.562216425308692980e-01 1.589901999999999926e+00
3.640189144227933826e-01 1.656352000000000046e+00
3.719868599361595973e-01 1.711171999999999915e+00
3.801292743636255911e-01 1.751868999999999899e+00
3.884498326752345854e-01 1.782753000000000032e+00
3.969526737144291051e-01 1.812702999999999953e+00
4.056414997215270768e-01 1.850591000000000097e+00
4.145204868460213854e-01 1.901531000000000082e+00
4.235940173275368759e-01 1.965587999999999891e+00
4.328659535344370757e-01 2.038542000000000076e+00
4.423408678727827614e-01 2.113388000000000044e+00
4.520233696082087693e-01 2.182097000000000175e+00
4.619176604055267865e-01 2.238096999999999781e+00
4.720285331807737017e-01 2.279221000000000164e+00
4.823605567984378673e-01 2.309382999999999964e+00
4.929189725005434508e-01 2.337181000000000175e+00
5.037085542305222985e-01 2.371449999999999836e+00
5.147340034826902722e-01 2.416072999999999915e+00
5.260010193899755659e-01 2.467642000000000113e+00
5.375147682182568332e-01 2.518170000000000019e+00
5.492803329078241870e-01 2.560780999999999974e+00
5.613033013614973088e-01 2.593624000000000152e+00
5.735898580135665448e-01 2.619285999999999781e+00
5.861448258358571417e-01 2.641442000000000068e+00
5.989749143316128732e-01 2.662814000000000014e+00
6.120861303119130570e-01 2.686017999999999795e+00
6.254839682204105245e-01 2.714278999999999886e+00
6.391749019026319312e-01 2.748902999999999874e+00
6.531657310067570110e-01 2.785680999999999852e+00
6.674631727194452191e-01 2.814995000000000136e+00
6.820728740300071591e-01 2.827103999999999839e+00
6.970030263871405118e-01 2.818464000000000080e+00
7.122593364734473020e-01 2.793394000000000155e+00
7.278502433567288765e-01 2.760127999999999915e+00
7.437819826252529687e-01 2.724994999999999834e+00
7.600626595656545526e-01 2.688806000000000029e+00
7.766996323880640540e-01 2.647213999999999956e+00
7.937005574159013976e-01 2.594062000000000090e+00
8.110740810733430006e-01 2.524826000000000015e+00
8.288272757110509703e-01 2.438563999999999954e+00
8.469695429752346350e-01 2.338966999999999796e+00
8.655086161382736787e-01 2.234561999999999937e+00
8.844540397880493732e-01 2.136804000000000148e+00
9.038134601323364326e-01 2.056147000000000169e+00
9.235972635660274488e-01 1.998277999999999999e+00
9.438138195107080852e-01 1.962665000000000104e+00
9.644726842046378312e-01 1.943926000000000043e+00
9.855838648094324972e-01 1.935187999999999908e+00
1.007156856623164121e+00 1.931629000000000040e+00
1.029202594413900052e+00 1.932023999999999964e+00
1.051730412046940843e+00 1.937345000000000095e+00
1.074752242739242414e+00 1.948066999999999993e+00
1.098277132661993116e+00 1.963130000000000042e+00
1.122316821060050707e+00 1.981484000000000023e+00
1.146883687643933891e+00 2.003775000000000084e+00
1.171988078537265165e+00 2.031788000000000149e+00
1.197640647923590596e+00 2.066108999999999973e+00
1.223856887071053556e+00 2.104384000000000032e+00
1.250645645814651763e+00 2.142005999999999855e+00
1.278020601692099190e+00 2.175018999999999814e+00
1.305994514823037633e+00 2.202814000000000050e+00
1.334582502555725414e+00 2.228041000000000160e+00
1.363795059788775355e+00 2.253667999999999783e+00
1.393646643680787944e+00 2.280060000000000198e+00
1.424152486855072564e+00 2.304807999999999968e+00
1.455324450032890349e+00 2.325241000000000113e+00
1.487179029585939727e+00 2.340918999999999972e+00
1.519733742648287977e+00 2.353669000000000011e+00
1.552997595959721311e+00 2.365420999999999996e+00
1.586991746055928854e+00 2.376195000000000057e+00
1.621728568046108876e+00 2.383884999999999810e+00
1.657226002538870313e+00 2.385247999999999813e+00
1.693503044918474698e+00 2.377153999999999989e+00
1.730570880722132499e+00 2.358185999999999893e+00
1.768449794594556090e+00 2.330271000000000203e+00
1.807161419272292235e+00 2.298595999999999862e+00
1.846718657952616915e+00 2.269032000000000160e+00
1.887141395956233536e+00 2.244892999999999805e+00
1.928446905999783967e+00 2.225369000000000153e+00
1.970660801980119947e+00 2.206402999999999892e+00
2.013794492272063863e+00 2.183419999999999916e+00
2.057875696076454375e+00 2.154319999999999791e+00
2.102921167794182811e+00 2.120603000000000016e+00
2.148947875120341244e+00 2.085790999999999951e+00
2.195987491655247315e+00 2.052866999999999997e+00
2.244054377925685628e+00 2.022952000000000083e+00
2.293172994677545429e+00 1.995519999999999960e+00
2.343369202504593130e+00 1.969070000000000098e+00
2.394664687077192156e+00 1.941759999999999931e+00
2.447081854888045971e+00 1.912303000000000086e+00
2.500643915808320461e+00 1.880673999999999957e+00
2.555381505681890708e+00 1.848144000000000009e+00
2.611313778074887182e+00 1.816799000000000053e+00
2.668474113132628389e+00 1.788748999999999922e+00
2.726883526623927079e+00 1.765153999999999890e+00
2.786570957242854973e+00 1.745489999999999986e+00
2.847566896465314912e+00 1.727946999999999900e+00
2.909895098281706893e+00 1.710879000000000039e+00
2.973597428432943612e+00 1.694134000000000029e+00
3.038682427299522981e+00 1.679151000000000060e+00
3.105194680180473732e+00 1.667966000000000060e+00
3.173162659491088000e+00 1.662150000000000016e+00
3.242626267866870915e+00 1.662188999999999917e+00
3.313595350363004233e+00 1.667316000000000020e+00
3.386134456627003964e+00 1.675777000000000072e+00
3.460243531939777739e+00 1.685537000000000063e+00
3.535992871438371044e+00 1.695122999999999935e+00
3.613382523514086397e+00 1.703723000000000098e+00
3.692475841976804229e+00 1.710188999999999959e+00
3.773300128292204736e+00 1.712320999999999982e+00
3.855897402281920350e+00 1.707648000000000055e+00
3.940296625529969621e+00 1.695076999999999945e+00
4.026542971266589888e+00 1.675896000000000052e+00
4.114684485993613805e+00 1.653456000000000037e+00
4.204754736656211023e+00 1.631912000000000029e+00
4.296787721499407020e+00 1.614880000000000093e+00
4.390837200929101236e+00 1.604716999999999949e+00
4.486960891648868355e+00 1.602470999999999979e+00
4.585157844058781684e+00 1.608251000000000097e+00
4.685530612914259763e+00 1.621718999999999911e+00
4.788102522851219511e+00 1.642433000000000032e+00
4.892894538551115780e+00 1.669882000000000088e+00
