# frequency(Hz) HVamp
2.000000000000000042e-02 1.207842000000000082e+00
2.043777802275861116e-02 1.196422000000000097e+00
2.088513892042544867e-02 1.175993000000000066e+00
2.134229185993890415e-02 1.144044999999999979e+00
2.180945121728470465e-02 1.099652000000000074e+00
2.228683671448790371e-02 1.043638000000000066e+00
2.277467095838639488e-02 9.780539999999999790e-01
2.327318386720582041e-02 9.057190000000000518e-01
2.378260869151607032e-02 8.304770000000000207e-01
2.430318396985316209e-02 7.572060000000000457e-01
2.483515418061077798e-02 6.915259999999999740e-01
2.537876860438217572e-02 6.392039999999999944e-01
2.593428185548686538e-02 6.049480000000000413e-01
2.650195524800330604e-02 5.906879999999999908e-01
2.708205410122367304e-02 5.945519999999999694e-01
2.767485116257483238e-02 6.119329999999999492e-01
2.828062296556268368e-02 6.385589999999999877e-01
2.889965516642458918e-02 6.729880000000000306e-01
2.953223712425469966e-02 7.159039999999999848e-01
3.017866585007221089e-02 7.668810000000000349e-01
3.083924344304486698e-02 8.220380000000000464e-01
3.151428172097601316e-02 8.753790000000000182e-01
3.220409460893151193e-02 9.231759999999999966e-01
3.290900679366954434e-02 9.672250000000000014e-01
3.362935008254323843e-02 1.013384000000000063e+00
3.436545982617606604e-02 1.067101999999999995e+00
3.511768145762538679e-02 1.130171000000000037e+00
3.588636982920923035e-02 1.200388999999999928e+00
3.667188287528685281e-02 1.273335000000000106e+00
3.747459035401046190e-02 1.344826999999999995e+00
3.829486888200696326e-02 1.412597000000000103e+00
3.913310161841203338e-02 1.476191999999999949e+00
3.998968266187323539e-02 1.536051999999999973e+00
4.086501260624340881e-02 1.593404999999999960e+00
4.175950326235679244e-02 1.650635000000000074e+00
4.267357455111880221e-02 1.710353999999999930e+00
4.360765235805109941e-02 1.773579999999999934e+00
4.456217573218773653e-02 1.839134999999999964e+00
4.553759360593897382e-02 1.904298000000000046e+00
4.653436264861679494e-02 1.964808000000000110e+00
4.755294901990994583e-02 2.014660000000000117e+00
4.859383060501651364e-02 2.046664999999999957e+00
4.965749734357217948e-02 2.053307999999999911e+00
5.074444382592605690e-02 2.029138999999999804e+00
5.185518671652646766e-02 1.973888000000000087e+00
5.299023919793973553e-02 1.893599999999999950e+00
5.415013688613103116e-02 1.798977000000000048e+00
5.533542508618215922e-02 1.701392999999999933e+00
5.654665825930951795e-02 1.608829999999999982e+00
5.778440269534190765e-02 1.524178999999999951e+00
5.904923992113619846e-02 1.446573000000000109e+00
6.034176368113722960e-02 1.374360000000000026e+00
6.166257977365023624e-02 1.307276000000000105e+00
6.301230579922413588e-02 1.246058000000000110e+00
6.439157495481964699e-02 1.191200000000000037e+00
6.580103648476649802e-02 1.142779999999999907e+00
6.724135160227064090e-02 1.101002000000000036e+00
6.871319291929786632e-02 1.066964000000000024e+00
7.021724865648072689e-02 1.042656000000000027e+00
7.175422799231455373e-02 1.029470000000000107e+00
7.332484622679873165e-02 1.026469999999999994e+00
7.492985067379918929e-02 1.030318999999999985e+00
7.656998328017844413e-02 1.037060000000000093e+00
7.824601847091161577e-02 1.043878000000000084e+00
7.995873489609482687e-02 1.049406999999999979e+00
8.170894587125514252e-02 1.052894999999999914e+00
8.349746848200181870e-02 1.053363999999999967e+00
8.532513483931059017e-02 1.049687999999999954e+00
8.719280666320453066e-02 1.041193999999999953e+00
8.910136197668877545e-02 1.028026000000000106e+00
9.105169441740208758e-02 1.011476000000000042e+00
9.304472101470850909e-02 9.942659999999999831e-01
9.508136492722282784e-02 9.801170000000000160e-01
9.716259003207046441e-02 9.727190000000000003e-01
9.928937600698042876e-02 9.744439999999999769e-01
1.014627169666056788e-01 9.851290000000000324e-01
1.036836198025345573e-01 1.001411999999999969e+00
1.059531470945422049e-01 1.017406000000000033e+00
1.082723426204657002e-01 1.027182000000000039e+00
1.106423073612318730e-01 1.027822000000000013e+00
1.130641434367904014e-01 1.020667999999999909e+00
1.155389888050807612e-01 1.010064999999999991e+00
1.180680199308263012e-01 1.001074999999999937e+00
1.206523964642573915e-01 9.973919999999999453e-01
1.232933427266421494e-01 1.000078000000000022e+00
1.259921091142061633e-01 1.007602000000000109e+00
1.287499385219043613e-01 1.017006999999999994e+00
1.315681276210838024e-01 1.025274999999999936e+00
1.344480149355610776e-01 1.030175000000000063e+00
1.373909270603933253e-01 1.030688000000000049e+00
1.403982677661723133e-01 1.027276999999999996e+00
1.434714465996406174e-01 1.021830999999999934e+00
1.466118729226930095e-01 1.016987000000000085e+00
1.498210387691902012e-01 1.014920999999999962e+00
1.531004603883944215e-01 1.016048999999999980e+00
1.564516759885790365e-01 1.018507999999999969e+00
1.598762174374112610e-01 1.019231999999999916e+00
1.633757347823671657e-01 1.016159000000000034e+00
1.669518482487836186e-01 1.010061000000000098e+00
1.706062493069121222e-01 1.004545000000000021e+00
1.743406480276755433e-01 1.003795999999999911e+00
1.781567686922972404e-01 1.009551000000000087e+00
1.820564109071452219e-01 1.020049999999999901e+00
1.860414236112984399e-01 1.031674999999999898e+00
1.901136708649468487e-01 1.041204000000000018e+00
1.942750635716576912e-01 1.046988999999999947e+00
1.985275213739692568e-01 1.049055999999999989e+00
2.028730886819132551e-01 1.048524000000000012e+00
2.073137384534022021e-01 1.046913999999999900e+00
2.118516148918974384e-01 1.045935999999999977e+00
2.164888283105038391e-01 1.047393000000000018e+00
2.212275340673810209e-01 1.052278999999999964e+00
2.260699835805370650e-01 1.059571999999999958e+00
2.310183752015635139e-01 1.066521000000000052e+00
2.360751096568884100e-01 1.070650000000000102e+00
2.412425341466744866e-01 1.071425000000000072e+00
2.465230998307618715e-01 1.070040000000000102e+00
2.519191833183147544e-01 1.067790999999999935e+00
2.574334553825345373e-01 1.064893000000000089e+00
2.630683822583526066e-01 1.060977999999999977e+00
2.688266710467492326e-01 1.056700999999999890e+00
2.747110108843249798e-01 1.054461000000000093e+00
2.807241335168895180e-01 1.057012999999999980e+00
2.868688920234096495e-01 1.065341000000000093e+00
2.931481028187655768e-01 1.078055999999999903e+00
2.995647922697904919e-01 1.092570999999999959e+00
3.061219491886544297e-01 1.106597000000000053e+00
3.128225983045015424e-01 1.118886999999999965e+00
3.196699982673885665e-01 1.129367000000000010e+00
3.266672524899394969e-01 1.139169000000000098e+00
3.338175913859038335e-01 1.150547999999999904e+00
3.411245032800827026e-01 1.166020999999999974e+00
3.485912903071751723e-01 1.186835000000000084e+00
3.562216425308692980e-01 1.211978999999999917e+00
3.640189144227933826e-01 1.238493999999999984e+00
3.719868599361595973e-01 1.262885000000000035e+00
3.801292743636255911e-01 1.282909000000000077e+00
3.884498326752345854e-01 1.298699999999999966e+00
3.969526737144291051e-01 1.312345000000000095e+00
4.056414997215270768e-01 1.326397999999999966e+00
4.145204868460213854e-01 1.342317999999999900e+00
4.235940173275368759e-01 1.359788999999999914e+00
4.328659535344370757e-01 1.377189999999999914e+00
4.423408678727827614e-01 1.392512999999999890e+00
4.520233696082087693e-01 1.404209999999999958e+00
4.619176604055267865e-01 1.412107999999999919e+00
4.720285331807737017e-01 1.418196000000000012e+00
4.823605567984378673e-01 1.426303000000000099e+00
4.929189725005434508e-01 1.440390999999999977e+00
5.037085542305222985e-01 1.462388999999999939e+00
5.147340034826902722e-01 1.491089000000000109e+00
5.260010193899755659e-01 1.523047999999999957e+00
5.375147682182568332e-01 1.555031000000000052e+00
5.492803329078241870e-01 1.585868000000000055e+00
5.613033013614973088e-01 1.615993999999999930e+00
5.735898580135665448e-01 1.645124999999999948e+00
5.861448258358571417e-01 1.670295000000000085e+00
5.989749143316128732e-01 1.686720999999999915e+00
6.120861303119130570e-01 1.691424999999999956e+00
6.254839682204105245e-01 1.686209000000000069e+00
6.391749019026319312e-01 1.676916999999999991e+00
6.531657310067570110e-01 1.670050999999999952e+00
6.674631727194452191e-01 1.670069000000000026e+00
6.820728740300071591e-01 1.679129000000000094e+00
6.970030263871405118e-01 1.697877999999999998e+00
7.122593364734473020e-01 1.725406999999999913e+00
7.278502433567288765e-01 1.758669000000000038e+00
7.437819826252529687e-01 1.792513000000000023e+00
7.600626595656545526e-01 1.820524999999999949e+00
7.766996323880640540e-01 1.836349000000000009e+00
7.937005574159013976e-01 1.835163000000000100e+00
8.110740810733430006e-01 1.814762999999999904e+00
8.288272757110509703e-01 1.776370000000000005e+00
8.469695429752346350e-01 1.725335000000000063e+00
8.655086161382736787e-01 1.670604999999999896e+00
8.844540397880493732e-01 1.622020000000000017e+00
9.038134601323364326e-01 1.586616000000000026e+00
9.235972635660274488e-01 1.566211000000000020e+00
9.438138195107080852e-01 1.557725000000000026e+00
9.644726842046378312e-01 1.555849999999999955e+00
9.855838648094324972e-01 1.556292000000000009e+00
1.007156856623164121e+00 1.557730999999999977e+00
1.029202594413900052e+00 1.561588999999999894e+00
1.051730412046940843e+00 1.569989999999999997e+00
1.074752242739242414e+00 1.583525999999999989e+00
1.098277132661993116e+00 1.600676999999999905e+00
1.122316821060050707e+00 1.619193000000000104e+00
1.146883687643933891e+00 1.637775999999999899e+00
1.171988078537265165e+00 1.656266000000000016e+00
1.197640647923590596e+00 1.674317999999999973e+00
1.223856887071053556e+00 1.690164999999999917e+00
1.250645645814651763e+00 1.701084999999999958e+00
1.278020601692099190e+00 1.705510999999999999e+00
1.305994514823037633e+00 1.704809999999999937e+00
1.334582502555725414e+00 1.702773000000000092e+00
1.363795059788775355e+00 1.703006000000000020e+00
1.393646643680787944e+00 1.706788999999999890e+00
1.424152486855072564e+00 1.713521000000000072e+00
1.455324450032890349e+00 1.723109999999999919e+00
1.487179029585939727e+00 1.737562000000000051e+00
1.519733742648287977e+00 1.759951999999999961e+00
1.552997595959721311e+00 1.791760999999999937e+00
1.586991746055928854e+00 1.831016999999999895e+00
1.621728568046108876e+00 1.872948999999999975e+00
1.657226002538870313e+00 1.912174999999999958e+00
1.693503044918474698e+00 1.944539999999999935e+00
1.730570880722132499e+00 1.968077999999999994e+00
1.768449794594556090e+00 1.983460999999999919e+00
1.807161419272292235e+00 1.993741999999999903e+00
1.846718657952616915e+00 2.002857999999999805e+00
1.887141395956233536e+00 2.013303000000000065e+00
1.928446905999783967e+00 2.024465999999999877e+00
1.970660801980119947e+00 2.032772000000000023e+00
2.013794492272063863e+00 2.033627000000000073e+00
2.057875696076454375e+00 2.024109999999999854e+00
2.102921167794182811e+00 2.004748000000000197e+00
2.148947875120341244e+00 1.979098999999999942e+00
2.195987491655247315e+00 1.951583000000000068e+00
2.244054377925685628e+00 1.925389999999999935e+00
2.293172994677545429e+00 1.901628000000000096e+00
2.343369202504593130e+00 1.879507999999999956e+00
2.394664687077192156e+00 1.857077000000000089e+00
2.447081854888045971e+00 1.832340000000000080e+00
2.500643915808320461e+00 1.804281999999999941e+00
2.555381505681890708e+00 1.773457999999999979e+00
2.611313778074887182e+00 1.742070999999999925e+00
2.668474113132628389e+00 1.713419000000000025e+00
2.726883526623927079e+00 1.690522999999999998e+00
2.786570957242854973e+00 1.674485999999999919e+00
2.847566896465314912e+00 1.663988000000000023e+00
2.909895098281706893e+00 1.656524000000000107e+00
2.973597428432943612e+00 1.650290000000000035e+00
3.038682427299522981e+00 1.645149999999999890e+00
3.105194680180473732e+00 1.642201000000000022e+00
3.173162659491088000e+00 1.642727000000000048e+00
3.242626267866870915e+00 1.647370000000000001e+00
3.313595350363004233e+00 1.655686999999999909e+00
3.386134456627003964e+00 1.666107999999999922e+00
3.460243531939777739e+00 1.676382999999999956e+00
3.535992871438371044e+00 1.684539000000000009e+00
3.613382523514086397e+00 1.689437999999999995e+00
3.692475841976804229e+00 1.690158000000000049e+00
3.773300128292204736e+00 1.685249999999999915e+00
3.855897402281920350e+00 1.673254000000000019e+00
3.940296625529969621e+00 1.653996999999999939e+00
4.026542971266589888e+00 1.629285000000000094e+00
4.114684485993613805e+00 1.602464000000000111e+00
4.204754736656211023e+00 1.577344999999999997e+00
4.296787721499407020e+00 1.557202999999999893e+00
4.390837200929101236e+00 1.544154000000000027e+00
4.486960891648868355e+00 1.538888000000000034e+00
4.585157844058781684e+00 1.540901999999999994e+00
4.685530612914259763e+00 1.549031000000000047e+00
4.788102522851219511e+00 1.561941999999999942e+00
4.892894538551115780e+00 1.578406999999999893e+00
