# frequency(Hz) HVamp
2.000000000000000042e-02 1.275339000000000000e+00
2.043777802275861116e-02 1.249452999999999925e+00
2.088513892042544867e-02 1.239994999999999958e+00
2.134229185993890415e-02 1.244623000000000035e+00
2.180945121728470465e-02 1.257641000000000009e+00
2.228683671448790371e-02 1.272381999999999902e+00
2.277467095838639488e-02 1.284658999999999995e+00
2.327318386720582041e-02 1.294999000000000011e+00
2.378260869151607032e-02 1.307449000000000083e+00
2.430318396985316209e-02 1.326270999999999978e+00
2.483515418061077798e-02 1.353110000000000035e+00
2.537876860438217572e-02 1.385518999999999945e+00
2.593428185548686538e-02 1.417618000000000045e+00
2.650195524800330604e-02 1.442790000000000017e+00
2.708205410122367304e-02 1.457429000000000086e+00
2.767485116257483238e-02 1.463254000000000055e+00
2.828062296556268368e-02 1.465999999999999970e+00
2.889965516642458918e-02 1.471761000000000097e+00
2.953223712425469966e-02 1.484193000000000096e+00
3.017866585007221089e-02 1.503970999999999947e+00
3.083924344304486698e-02 1.529697000000000084e+00
3.151428172097601316e-02 1.558807000000000054e+00
3.220409460893151193e-02 1.588005000000000111e+00
3.290900679366954434e-02 1.614063999999999943e+00
3.362935008254323843e-02 1.635361000000000065e+00
3.436545982617606604e-02 1.652994999999999992e+00
3.511768145762538679e-02 1.670042999999999944e+00
3.588636982920923035e-02 1.689178999999999986e+00
3.667188287528685281e-02 1.710402999999999896e+00
3.747459035401046190e-02 1.730641000000000096e+00
3.829486888200696326e-02 1.745416999999999996e+00
3.913310161841203338e-02 1.750764999999999905e+00
3.998968266187323539e-02 1.743824000000000041e+00
4.086501260624340881e-02 1.722790000000000044e+00
4.175950326235679244e-02 1.687453000000000092e+00
4.267357455111880221e-02 1.640276999999999985e+00
4.360765235805109941e-02 1.586899000000000060e+00
4.456217573218773653e-02 1.535239999999999938e+00
4.553759360593897382e-02 1.493373000000000062e+00
4.653436264861679494e-02 1.466995000000000049e+00
4.755294901990994583e-02 1.457699000000000078e+00
4.859383060501651364e-02 1.462382000000000071e+00
4.965749734357217948e-02 1.474582999999999977e+00
5.074444382592605690e-02 1.488172000000000050e+00
5.185518671652646766e-02 1.499036999999999953e+00
5.299023919793973553e-02 1.504007000000000094e+00
5.415013688613103116e-02 1.500663000000000080e+00
5.533542508618215922e-02 1.488712999999999953e+00
5.654665825930951795e-02 1.470726999999999896e+00
5.778440269534190765e-02 1.450771000000000033e+00
5.904923992113619846e-02 1.432175999999999894e+00
6.034176368113722960e-02 1.416560000000000041e+00
6.166257977365023624e-02 1.404603000000000046e+00
6.301230579922413588e-02 1.397461999999999982e+00
6.439157495481964699e-02 1.397712000000000065e+00
6.580103648476649802e-02 1.408131999999999939e+00
6.724135160227064090e-02 1.428909999999999902e+00
6.871319291929786632e-02 1.456115999999999966e+00
7.021724865648072689e-02 1.482966000000000006e+00
7.175422799231455373e-02 1.503201000000000009e+00
7.332484622679873165e-02 1.514065999999999912e+00
7.492985067379918929e-02 1.516677000000000053e+00
7.656998328017844413e-02 1.514064000000000076e+00
7.824601847091161577e-02 1.508664999999999923e+00
7.995873489609482687e-02 1.501011000000000095e+00
8.170894587125514252e-02 1.490388000000000046e+00
8.349746848200181870e-02 1.476493999999999973e+00
8.532513483931059017e-02 1.460412000000000043e+00
8.719280666320453066e-02 1.444401999999999964e+00
8.910136197668877545e-02 1.430835000000000079e+00
9.105169441740208758e-02 1.420595999999999970e+00
9.304472101470850909e-02 1.412034999999999929e+00
9.508136492722282784e-02 1.402060000000000084e+00
9.716259003207046441e-02 1.388743999999999978e+00
9.928937600698042876e-02 1.372902000000000067e+00
1.014627169666056788e-01 1.357650999999999941e+00
1.036836198025345573e-01 1.346748999999999974e+00
1.059531470945422049e-01 1.342600000000000016e+00
1.082723426204657002e-01 1.344896000000000091e+00
1.106423073612318730e-01 1.350869000000000097e+00
1.130641434367904014e-01 1.357175999999999938e+00
1.155389888050807612e-01 1.361946000000000101e+00
1.180680199308263012e-01 1.365267999999999926e+00
1.206523964642573915e-01 1.368206999999999951e+00
1.232933427266421494e-01 1.371839000000000031e+00
1.259921091142061633e-01 1.376980000000000093e+00
1.287499385219043613e-01 1.383950000000000014e+00
1.315681276210838024e-01 1.392033000000000076e+00
1.344480149355610776e-01 1.399335999999999913e+00
1.373909270603933253e-01 1.403542000000000067e+00
1.403982677661723133e-01 1.403356999999999966e+00
1.434714465996406174e-01 1.399607000000000046e+00
1.466118729226930095e-01 1.394846000000000030e+00
1.498210387691902012e-01 1.391836000000000073e+00
1.531004603883944215e-01 1.392354000000000092e+00
1.564516759885790365e-01 1.397178999999999949e+00
1.598762174374112610e-01 1.406646000000000063e+00
1.633757347823671657e-01 1.420547000000000004e+00
1.669518482487836186e-01 1.437580999999999998e+00
1.706062493069121222e-01 1.455621000000000054e+00
1.743406480276755433e-01 1.472957999999999990e+00
1.781567686922972404e-01 1.489184999999999981e+00
1.820564109071452219e-01 1.504887000000000086e+00
1.860414236112984399e-01 1.520464000000000038e+00
1.901136708649468487e-01 1.535130000000000106e+00
1.942750635716576912e-01 1.547061000000000019e+00
1.985275213739692568e-01 1.554527999999999910e+00
2.028730886819132551e-01 1.556867999999999919e+00
2.073137384534022021e-01 1.554318000000000088e+00
2.118516148918974384e-01 1.546839999999999993e+00
2.164888283105038391e-01 1.533166999999999947e+00
2.212275340673810209e-01 1.511196999999999901e+00
2.260699835805370650e-01 1.479718000000000089e+00
2.310183752015635139e-01 1.440492000000000106e+00
2.360751096568884100e-01 1.398919000000000024e+00
2.412425341466744866e-01 1.362384999999999957e+00
2.465230998307618715e-01 1.337561000000000000e+00
2.519191833183147544e-01 1.328551999999999955e+00
2.574334553825345373e-01 1.336346999999999952e+00
2.630683822583526066e-01 1.358951999999999938e+00
2.688266710467492326e-01 1.391872999999999916e+00
2.747110108843249798e-01 1.429351999999999956e+00
2.807241335168895180e-01 1.466537999999999897e+00
2.868688920234096495e-01 1.501440000000000108e+00
2.931481028187655768e-01 1.535233999999999988e+00
2.995647922697904919e-01 1.570567999999999964e+00
3.061219491886544297e-01 1.608926000000000078e+00
3.128225983045015424e-01 1.649199999999999999e+00
3.196699982673885665e-01 1.688514999999999988e+00
3.266672524899394969e-01 1.724407999999999941e+00
3.338175913859038335e-01 1.756687000000000110e+00
3.411245032800827026e-01 1.787995999999999919e+00
3.485912903071751723e-01 1.822886000000000006e+00
3.562216425308692980e-01 1.865593000000000057e+00
3.640189144227933826e-01 1.917410000000000059e+00
3.719868599361595973e-01 1.975309999999999899e+00
3.801292743636255911e-01 2.033269999999999911e+00
3.884498326752345854e-01 2.085595000000000088e+00
3.969526737144291051e-01 2.129535000000000178e+00
4.056414997215270768e-01 2.165347000000000133e+00
4.145204868460213854e-01 2.194691999999999865e+00
4.235940173275368759e-01 2.219272000000000133e+00
4.328659535344370757e-01 2.240394999999999914e+00
4.423408678727827614e-01 2.258843000000000156e+00
4.520233696082087693e-01 2.274345999999999979e+00
4.619176604055267865e-01 2.284990000000000077e+00
4.720285331807737017e-01 2.287482999999999933e+00
4.823605567984378673e-01 2.279085999999999945e+00
4.929189725005434508e-01 2.260275000000000034e+00
5.037085542305222985e-01 2.235561000000000131e+00
5.147340034826902722e-01 2.211174000000000195e+00
5.260010193899755659e-01 2.191403999999999908e+00
5.375147682182568332e-01 2.176778000000000102e+00
5.492803329078241870e-01 2.165074000000000165e+00
5.613033013614973088e-01 2.153547000000000100e+00
5.735898580135665448e-01 2.140616000000000074e+00
5.861448258358571417e-01 2.126285999999999898e+00
5.989749143316128732e-01 2.111237000000000030e+00
6.120861303119130570e-01 2.095178000000000207e+00
6.254839682204105245e-01 2.076086999999999794e+00
6.391749019026319312e-01 2.051609000000000016e+00
6.531657310067570110e-01 2.021614000000000022e+00
6.674631727194452191e-01 1.989338000000000051e+00
6.820728740300071591e-01 1.959370999999999974e+00
6.970030263871405118e-01 1.933832999999999913e+00
7.122593364734473020e-01 1.910292000000000101e+00
7.278502433567288765e-01 1.883264999999999967e+00
7.437819826252529687e-01 1.847849000000000075e+00
7.600626595656545526e-01 1.802762999999999893e+00
7.766996323880640540e-01 1.751025000000000054e+00
7.937005574159013976e-01 1.698431000000000024e+00
8.110740810733430006e-01 1.651237000000000066e+00
8.288272757110509703e-01 1.614170000000000105e+00
8.469695429752346350e-01 1.589248999999999912e+00
8.655086161382736787e-01 1.575665000000000093e+00
8.844540397880493732e-01 1.570567999999999964e+00
9.038134601323364326e-01 1.570305999999999980e+00
9.235972635660274488e-01 1.571703999999999990e+00
9.438138195107080852e-01 1.572910999999999948e+00
9.644726842046378312e-01 1.573331999999999953e+00
9.855838648094324972e-01 1.572929000000000022e+00
1.007156856623164121e+00 1.571631999999999918e+00
1.029202594413900052e+00 1.569147000000000070e+00
1.051730412046940843e+00 1.564947000000000088e+00
1.074752242739242414e+00 1.558632000000000017e+00
1.098277132661993116e+00 1.550982000000000083e+00
1.122316821060050707e+00 1.544842999999999966e+00
1.146883687643933891e+00 1.544307000000000096e+00
1.171988078537265165e+00 1.552162999999999959e+00
1.197640647923590596e+00 1.567758999999999903e+00
1.223856887071053556e+00 1.587185999999999986e+00
1.250645645814651763e+00 1.605469000000000035e+00
1.278020601692099190e+00 1.618967000000000045e+00
1.305994514823037633e+00 1.626438000000000050e+00
1.334582502555725414e+00 1.628298000000000023e+00
1.363795059788775355e+00 1.625084999999999891e+00
1.393646643680787944e+00 1.616845000000000088e+00
1.424152486855072564e+00 1.604211000000000054e+00
1.455324450032890349e+00 1.589906999999999959e+00
1.487179029585939727e+00 1.578484999999999916e+00
1.519733742648287977e+00 1.573873999999999995e+00
1.552997595959721311e+00 1.576629000000000058e+00
1.586991746055928854e+00 1.583104000000000067e+00
1.621728568046108876e+00 1.587379000000000095e+00
1.657226002538870313e+00 1.585032999999999914e+00
1.693503044918474698e+00 1.576168999999999931e+00
1.730570880722132499e+00 1.565283999999999898e+00
1.768449794594556090e+00 1.558009999999999895e+00
1.807161419272292235e+00 1.557361999999999913e+00
1.846718657952616915e+00 1.562124999999999986e+00
1.887141395956233536e+00 1.568016999999999994e+00
1.928446905999783967e+00 1.570394000000000068e+00
1.970660801980119947e+00 1.566742999999999997e+00
2.013794492272063863e+00 1.557627000000000095e+00
2.057875696076454375e+00 1.545808000000000071e+00
2.102921167794182811e+00 1.534553000000000056e+00
2.148947875120341244e+00 1.526060999999999890e+00
2.195987491655247315e+00 1.520634000000000041e+00
2.244054377925685628e+00 1.516969999999999930e+00
2.293172994677545429e+00 1.513220999999999927e+00
2.343369202504593130e+00 1.508059000000000038e+00
2.394664687077192156e+00 1.501071999999999962e+00
2.447081854888045971e+00 1.492507000000000028e+00
2.500643915808320461e+00 1.482995000000000063e+00
2.555381505681890708e+00 1.473478999999999983e+00
2.611313778074887182e+00 1.465000999999999998e+00
2.668474113132628389e+00 1.458428999999999975e+00
2.726883526623927079e+00 1.454331000000000040e+00
2.786570957242854973e+00 1.452800000000000091e+00
2.847566896465314912e+00 1.453294000000000086e+00
2.909895098281706893e+00 1.454879999999999951e+00
2.973597428432943612e+00 1.457036999999999916e+00
3.038682427299522981e+00 1.460261999999999949e+00
3.105194680180473732e+00 1.465781000000000001e+00
3.173162659491088000e+00 1.474531000000000036e+00
3.242626267866870915e+00 1.486194000000000015e+00
3.313595350363004233e+00 1.498855999999999966e+00
3.386134456627003964e+00 1.509436999999999918e+00
3.460243531939777739e+00 1.514906000000000086e+00
3.535992871438371044e+00 1.513835999999999959e+00
3.613382523514086397e+00 1.507038000000000100e+00
3.692475841976804229e+00 1.496593999999999980e+00
3.773300128292204736e+00 1.484115999999999991e+00
3.855897402281920350e+00 1.469937999999999967e+00
3.940296625529969621e+00 1.453874000000000111e+00
4.026542971266589888e+00 1.436352999999999991e+00
4.114684485993613805e+00 1.418897000000000075e+00
4.204754736656211023e+00 1.403950999999999949e+00
4.296787721499407020e+00 1.394234999999999891e+00
4.390837200929101236e+00 1.391764000000000001e+00
4.486960891648868355e+00 1.397081000000000017e+00
4.585157844058781684e+00 1.409210999999999991e+00
4.685530612914259763e+00 1.426266999999999951e+00
4.788102522851219511e+00 1.446242999999999945e+00
4.892894538551115780e+00 1.467613999999999974e+00
