# frequency(Hz) HVamp
2.000000000000000042e-02 6.423419999999999686e-01
2.043777802275861116e-02 6.353520000000000278e-01
2.088513892042544867e-02 6.290599999999999525e-01
2.134229185993890415e-02 6.205190000000000428e-01
2.180945121728470465e-02 6.068810000000000038e-01
2.228683671448790371e-02 5.869820000000000038e-01
2.277467095838639488e-02 5.617809999999999748e-01
2.327318386720582041e-02 5.334309999999999885e-01
2.378260869151607032e-02 5.039230000000000098e-01
2.430318396985316209e-02 4.739129999999999732e-01
2.483515418061077798e-02 4.418259999999999965e-01
2.537876860438217572e-02 4.043039999999999967e-01
2.593428185548686538e-02 3.587489999999999846e-01
2.650195524800330604e-02 3.067730000000000179e-01
2.708205410122367304e-02 2.551459999999999839e-01
2.767485116257483238e-02 2.119820000000000038e-01
2.828062296556268368e-02 1.817519999999999969e-01
2.889965516642458918e-02 1.643489999999999951e-01
2.953223712425469966e-02 1.576839999999999908e-01
3.017866585007221089e-02 1.601940000000000031e-01
3.083924344304486698e-02 1.712229999999999863e-01
3.151428172097601316e-02 1.897250000000000048e-01
3.220409460893151193e-02 2.135890000000000011e-01
3.290900679366954434e-02 2.410049999999999970e-01
3.362935008254323843e-02 2.723909999999999942e-01
3.436545982617606604e-02 3.107019999999999782e-01
3.511768145762538679e-02 3.596619999999999817e-01
3.588636982920923035e-02 4.205479999999999774e-01
3.667188287528685281e-02 4.893569999999999864e-01
3.747459035401046190e-02 5.573700000000000321e-01
3.829486888200696326e-02 6.156399999999999650e-01
3.913310161841203338e-02 6.599140000000000006e-01
3.998968266187323539e-02 6.918279999999999985e-01
4.086501260624340881e-02 7.156099999999999683e-01
4.175950326235679244e-02 7.336859999999999493e-01
4.267357455111880221e-02 7.451910000000000478e-01
4.360765235805109941e-02 7.484140000000000237e-01
4.456217573218773653e-02 7.438759999999999817e-01
4.553759360593897382e-02 7.338019999999999543e-01
4.653436264861679494e-02 7.192359999999999864e-01
4.755294901990994583e-02 6.988699999999999912e-01
4.859383060501651364e-02 6.701350000000000362e-01
4.965749734357217948e-02 6.316589999999999705e-01
5.074444382592605690e-02 5.855759999999999854e-01
5.185518671652646766e-02 5.373269999999999991e-01
5.299023919793973553e-02 4.932329999999999770e-01
5.415013688613103116e-02 4.579909999999999815e-01
5.533542508618215922e-02 4.335720000000000129e-01
5.654665825930951795e-02 4.193350000000000133e-01
5.778440269534190765e-02 4.125429999999999930e-01
5.904923992113619846e-02 4.089280000000000137e-01
6.034176368113722960e-02 4.036029999999999895e-01
6.166257977365023624e-02 3.924610000000000043e-01
6.301230579922413588e-02 3.736019999999999897e-01
6.439157495481964699e-02 3.479189999999999783e-01
6.580103648476649802e-02 3.183969999999999856e-01
6.724135160227064090e-02 2.888780000000000237e-01
6.871319291929786632e-02 2.629290000000000238e-01
7.021724865648072689e-02 2.427650000000000086e-01
7.175422799231455373e-02 2.282800000000000107e-01
7.332484622679873165e-02 2.172840000000000049e-01
7.492985067379918929e-02 2.071709999999999940e-01
7.656998328017844413e-02 1.962639999999999940e-01
7.824601847091161577e-02 1.840140000000000109e-01
7.995873489609482687e-02 1.707249999999999879e-01
8.170894587125514252e-02 1.570040000000000047e-01
8.349746848200181870e-02 1.431050000000000100e-01
8.532513483931059017e-02 1.289530000000000121e-01
8.719280666320453066e-02 1.148880000000000040e-01
8.910136197668877545e-02 1.021350000000000036e-01
9.105169441740208758e-02 9.245499999999999552e-02
9.304472101470850909e-02 8.708299999999999375e-02
9.508136492722282784e-02 8.537200000000000344e-02
9.716259003207046441e-02 8.416899999999999382e-02
9.928937600698042876e-02 7.908199999999999952e-02
1.014627169666056788e-01 6.711300000000000598e-02
1.036836198025345573e-01 4.873500000000000054e-02
1.059531470945422049e-01 2.782000000000000098e-02
1.082723426204657002e-01 9.587999999999999301e-03
1.106423073612318730e-01 -1.748999999999999904e-03
1.130641434367904014e-01 -4.263000000000000296e-03
1.155389888050807612e-01 1.546999999999999981e-03
1.180680199308263012e-01 1.328599999999999920e-02
1.206523964642573915e-01 2.765000000000000097e-02
1.232933427266421494e-01 4.142200000000000049e-02
1.259921091142061633e-01 5.187900000000000150e-02
1.287499385219043613e-01 5.672900000000000165e-02
1.315681276210838024e-01 5.429500000000000298e-02
1.344480149355610776e-01 4.422700000000000242e-02
1.373909270603933253e-01 2.832399999999999848e-02
1.403982677661723133e-01 1.061899999999999997e-02
1.434714465996406174e-01 -3.579999999999999849e-03
1.466118729226930095e-01 -9.381000000000000449e-03
1.498210387691902012e-01 -4.290999999999999676e-03
1.531004603883944215e-01 1.036399999999999995e-02
1.564516759885790365e-01 2.965399999999999980e-02
1.598762174374112610e-01 4.724899999999999933e-02
1.633757347823671657e-01 5.857699999999999713e-02
1.669518482487836186e-01 6.302499999999999769e-02
1.706062493069121222e-01 6.365600000000000425e-02
1.743406480276755433e-01 6.462600000000000289e-02
1.781567686922972404e-01 6.844899999999999596e-02
1.820564109071452219e-01 7.514700000000000546e-02
1.860414236112984399e-01 8.309800000000000519e-02
1.901136708649468487e-01 9.012699999999999878e-02
1.942750635716576912e-01 9.410499999999999421e-02
1.985275213739692568e-01 9.331899999999999917e-02
2.028730886819132551e-01 8.692700000000000427e-02
2.073137384534022021e-01 7.564099999999999990e-02
2.118516148918974384e-01 6.227200000000000096e-02
2.164888283105038391e-01 5.115800000000000208e-02
2.212275340673810209e-01 4.635700000000000237e-02
2.260699835805370650e-01 4.990399999999999697e-02
2.310183752015635139e-01 6.117299999999999821e-02
2.360751096568884100e-01 7.723800000000000110e-02
2.412425341466744866e-01 9.370199999999999363e-02
2.465230998307618715e-01 1.060350000000000042e-01
2.519191833183147544e-01 1.113320000000000004e-01
2.574334553825345373e-01 1.096099999999999991e-01
2.630683822583526066e-01 1.035940000000000055e-01
2.688266710467492326e-01 9.711000000000000187e-02
2.747110108843249798e-01 9.335499999999999354e-02
2.807241335168895180e-01 9.400100000000000122e-02
2.868688920234096495e-01 9.901999999999999691e-02
2.931481028187655768e-01 1.069640000000000035e-01
2.995647922697904919e-01 1.155339999999999978e-01
3.061219491886544297e-01 1.222369999999999984e-01
3.128225983045015424e-01 1.251339999999999952e-01
3.196699982673885665e-01 1.235839999999999994e-01
3.266672524899394969e-01 1.185250000000000054e-01
3.338175913859038335e-01 1.119389999999999968e-01
3.411245032800827026e-01 1.057919999999999972e-01
3.485912903071751723e-01 1.010420000000000068e-01
3.562216425308692980e-01 9.739699999999999747e-02
3.640189144227933826e-01 9.401900000000000535e-02
3.719868599361595973e-01 9.046500000000000374e-02
3.801292743636255911e-01 8.703700000000000325e-02
3.884498326752345854e-01 8.440799999999999692e-02
3.969526737144291051e-01 8.291900000000000659e-02
4.056414997215270768e-01 8.214399999999999480e-02
4.145204868460213854e-01 8.106399999999999717e-02
4.235940173275368759e-01 7.867200000000000581e-02
4.328659535344370757e-01 7.462199999999999389e-02
4.423408678727827614e-01 6.944100000000000272e-02
4.520233696082087693e-01 6.412099999999999744e-02
4.619176604055267865e-01 5.936400000000000010e-02
4.720285331807737017e-01 5.520300000000000207e-02
4.823605567984378673e-01 5.129100000000000326e-02
4.929189725005434508e-01 4.738300000000000151e-02
5.037085542305222985e-01 4.355500000000000344e-02
5.147340034826902722e-01 4.024500000000000299e-02
5.260010193899755659e-01 3.814399999999999735e-02
5.375147682182568332e-01 3.794899999999999662e-02
5.492803329078241870e-01 4.011699999999999988e-02
5.613033013614973088e-01 4.479600000000000248e-02
5.735898580135665448e-01 5.199000000000000149e-02
5.861448258358571417e-01 6.179500000000000270e-02
5.989749143316128732e-01 7.440499999999999892e-02
6.120861303119130570e-01 8.970100000000000295e-02
6.254839682204105245e-01 1.067749999999999949e-01
6.391749019026319312e-01 1.238810000000000050e-01
6.531657310067570110e-01 1.389829999999999954e-01
6.674631727194452191e-01 1.506470000000000031e-01
6.820728740300071591e-01 1.586760000000000115e-01
6.970030263871405118e-01 1.638660000000000116e-01
7.122593364734473020e-01 1.672760000000000080e-01
7.278502433567288765e-01 1.699150000000000105e-01
7.437819826252529687e-01 1.728510000000000046e-01
7.600626595656545526e-01 1.769350000000000089e-01
7.766996323880640540e-01 1.821260000000000101e-01
7.937005574159013976e-01 1.872850000000000070e-01
8.110740810733430006e-01 1.909579999999999889e-01
8.288272757110509703e-01 1.925139999999999907e-01
8.469695429752346350e-01 1.926339999999999997e-01
8.655086161382736787e-01 1.928630000000000067e-01
8.844540397880493732e-01 1.945959999999999912e-01
9.038134601323364326e-01 1.981799999999999951e-01
9.235972635660274488e-01 2.027220000000000133e-01
9.438138195107080852e-01 2.067440000000000111e-01
9.644726842046378312e-01 2.092189999999999883e-01
9.855838648094324972e-01 2.101729999999999987e-01
1.007156856623164121e+00 2.105799999999999894e-01
1.029202594413900052e+00 2.118480000000000085e-01
1.051730412046940843e+00 2.153029999999999944e-01
1.074752242739242414e+00 2.219389999999999974e-01
1.098277132661993116e+00 2.323280000000000067e-01
1.122316821060050707e+00 2.464290000000000092e-01
1.146883687643933891e+00 2.635339999999999905e-01
1.171988078537265165e+00 2.827049999999999841e-01
1.197640647923590596e+00 3.034930000000000128e-01
1.223856887071053556e+00 3.263510000000000022e-01
1.250645645814651763e+00 3.523680000000000145e-01
1.278020601692099190e+00 3.823190000000000199e-01
1.305994514823037633e+00 4.152890000000000192e-01
1.334582502555725414e+00 4.478030000000000066e-01
1.363795059788775355e+00 4.748589999999999756e-01
1.393646643680787944e+00 4.929009999999999780e-01
1.424152486855072564e+00 5.024729999999999475e-01
1.455324450032890349e+00 5.081480000000000441e-01
1.487179029585939727e+00 5.159960000000000102e-01
1.519733742648287977e+00 5.307020000000000071e-01
1.552997595959721311e+00 5.538370000000000237e-01
1.586991746055928854e+00 5.836310000000000109e-01
1.621728568046108876e+00 6.161269999999999802e-01
1.657226002538870313e+00 6.473079999999999945e-01
1.693503044918474698e+00 6.750340000000000229e-01
1.730570880722132499e+00 6.996529999999999694e-01
1.768449794594556090e+00 7.232380000000000475e-01
1.807161419272292235e+00 7.483330000000000259e-01
1.846718657952616915e+00 7.771050000000000457e-01
1.887141395956233536e+00 8.111770000000000369e-01
1.928446905999783967e+00 8.516620000000000301e-01
1.970660801980119947e+00 8.987950000000000106e-01
2.013794492272063863e+00 9.512509999999999577e-01
2.057875696076454375e+00 1.005949999999999900e+00
2.102921167794182811e+00 1.058675999999999950e+00
2.148947875120341244e+00 1.105031000000000097e+00
2.195987491655247315e+00 1.141588999999999965e+00
2.244054377925685628e+00 1.166900000000000048e+00
2.293172994677545429e+00 1.181626999999999983e+00
2.343369202504593130e+00 1.187583000000000055e+00
2.394664687077192156e+00 1.186557000000000084e+00
2.447081854888045971e+00 1.180050999999999961e+00
2.500643915808320461e+00 1.169925000000000104e+00
2.555381505681890708e+00 1.158747999999999889e+00
2.611313778074887182e+00 1.149264999999999981e+00
2.668474113132628389e+00 1.143351000000000006e+00
2.726883526623927079e+00 1.141002999999999989e+00
2.786570957242854973e+00 1.140262000000000109e+00
2.847566896465314912e+00 1.138263999999999943e+00
2.909895098281706893e+00 1.132554000000000061e+00
2.973597428432943612e+00 1.121815000000000007e+00
3.038682427299522981e+00 1.105895000000000072e+00
3.105194680180473732e+00 1.085340999999999889e+00
3.173162659491088000e+00 1.060869999999999980e+00
3.242626267866870915e+00 1.033209999999999962e+00
3.313595350363004233e+00 1.003470000000000084e+00
3.386134456627003964e+00 9.734840000000000160e-01
3.460243531939777739e+00 9.454649999999999999e-01
3.535992871438371044e+00 9.211319999999999508e-01
3.613382523514086397e+00 9.010169999999999568e-01
3.692475841976804229e+00 8.842680000000000540e-01
3.773300128292204736e+00 8.690360000000000307e-01
3.855897402281920350e+00 8.534239999999999604e-01
3.940296625529969621e+00 8.364989999999999926e-01
4.026542971266589888e+00 8.187109999999999665e-01
4.114684485993613805e+00 8.015280000000000182e-01
4.204754736656211023e+00 7.866910000000000291e-01
4.296787721499407020e+00 7.755009999999999959e-01
4.390837200929101236e+00 7.683429999999999982e-01
4.486960891648868355e+00 7.645659999999999679e-01
4.585157844058781684e+00 7.626519999999999966e-01
4.685530612914259763e+00 7.605800000000000338e-01
4.788102522851219511e+00 7.561940000000000328e-01
4.892894538551115780e+00 7.476350000000000495e-01
