# frequency(Hz) HVamp
2.000000000000000042e-02 1.223634000000000110e+00
2.043777802275861116e-02 1.207907000000000064e+00
2.088513892042544867e-02 1.193397999999999959e+00
2.134229185993890415e-02 1.178649000000000058e+00
2.180945121728470465e-02 1.162334999999999896e+00
2.228683671448790371e-02 1.144606999999999930e+00
2.277467095838639488e-02 1.127002999999999977e+00
2.327318386720582041e-02 1.111320000000000086e+00
2.378260869151607032e-02 1.098484000000000016e+00
2.430318396985316209e-02 1.087884000000000073e+00
2.483515418061077798e-02 1.077676000000000078e+00
2.537876860438217572e-02 1.065787999999999958e+00
2.593428185548686538e-02 1.050928000000000084e+00
2.650195524800330604e-02 1.033420999999999923e+00
2.708205410122367304e-02 1.015536999999999912e+00
2.767485116257483238e-02 1.000785999999999953e+00
2.828062296556268368e-02 9.924159999999999648e-01
2.889965516642458918e-02 9.917770000000000197e-01
2.953223712425469966e-02 9.972520000000000273e-01
3.017866585007221089e-02 1.004664999999999919e+00
3.083924344304486698e-02 1.009578000000000086e+00
3.151428172097601316e-02 1.010042000000000106e+00
3.220409460893151193e-02 1.007493999999999890e+00
3.290900679366954434e-02 1.005289000000000099e+00
3.362935008254323843e-02 1.006442000000000059e+00
3.436545982617606604e-02 1.012234000000000078e+00
3.511768145762538679e-02 1.021930999999999923e+00
3.588636982920923035e-02 1.033292000000000099e+00
3.667188287528685281e-02 1.043728999999999907e+00
3.747459035401046190e-02 1.051530000000000076e+00
3.829486888200696326e-02 1.056343999999999950e+00
3.913310161841203338e-02 1.058963000000000099e+00
3.998968266187323539e-02 1.061134000000000022e+00
4.086501260624340881e-02 1.065415000000000001e+00
4.175950326235679244e-02 1.074462000000000028e+00
4.267357455111880221e-02 1.089612999999999943e+00
4.360765235805109941e-02 1.109498000000000095e+00
4.456217573218773653e-02 1.130179000000000045e+00
4.553759360593897382e-02 1.147502999999999940e+00
4.653436264861679494e-02 1.159610999999999947e+00
4.755294901990994583e-02 1.167459999999999942e+00
4.859383060501651364e-02 1.173297000000000034e+00
4.965749734357217948e-02 1.178568999999999978e+00
5.074444382592605690e-02 1.183478000000000030e+00
5.185518671652646766e-02 1.187864999999999949e+00
5.299023919793973553e-02 1.191850000000000076e+00
5.415013688613103116e-02 1.195977999999999986e+00
5.533542508618215922e-02 1.200916000000000095e+00
5.654665825930951795e-02 1.207121000000000111e+00
5.778440269534190765e-02 1.214463000000000070e+00
5.904923992113619846e-02 1.222005000000000008e+00
6.034176368113722960e-02 1.228510999999999909e+00
6.166257977365023624e-02 1.232976000000000072e+00
6.301230579922413588e-02 1.234021000000000035e+00
6.439157495481964699e-02 1.230140999999999929e+00
6.580103648476649802e-02 1.221548000000000078e+00
6.724135160227064090e-02 1.210951000000000111e+00
6.871319291929786632e-02 1.202048999999999923e+00
7.021724865648072689e-02 1.197167000000000092e+00
7.175422799231455373e-02 1.195886000000000005e+00
7.332484622679873165e-02 1.195642000000000094e+00
7.492985067379918929e-02 1.193726999999999983e+00
7.656998328017844413e-02 1.188924000000000092e+00
7.824601847091161577e-02 1.181583000000000050e+00
7.995873489609482687e-02 1.172630999999999979e+00
8.170894587125514252e-02 1.162684000000000051e+00
8.349746848200181870e-02 1.151929999999999898e+00
8.532513483931059017e-02 1.140560000000000018e+00
8.719280666320453066e-02 1.128989999999999938e+00
8.910136197668877545e-02 1.117693999999999965e+00
9.105169441740208758e-02 1.107302000000000008e+00
9.304472101470850909e-02 1.099029999999999951e+00
9.508136492722282784e-02 1.094767000000000046e+00
9.716259003207046441e-02 1.096411000000000024e+00
9.928937600698042876e-02 1.104611999999999927e+00
1.014627169666056788e-01 1.117747999999999964e+00
1.036836198025345573e-01 1.132241000000000053e+00
1.059531470945422049e-01 1.144182999999999950e+00
1.082723426204657002e-01 1.151045000000000096e+00
1.106423073612318730e-01 1.152520999999999907e+00
1.130641434367904014e-01 1.150114999999999998e+00
1.155389888050807612e-01 1.145842000000000027e+00
1.180680199308263012e-01 1.141175000000000050e+00
1.206523964642573915e-01 1.136781000000000041e+00
1.232933427266421494e-01 1.132678999999999991e+00
1.259921091142061633e-01 1.128495000000000026e+00
1.287499385219043613e-01 1.123645999999999923e+00
1.315681276210838024e-01 1.117558999999999969e+00
1.344480149355610776e-01 1.109968999999999983e+00
1.373909270603933253e-01 1.101231000000000071e+00
1.403982677661723133e-01 1.092435999999999963e+00
1.434714465996406174e-01 1.085085999999999995e+00
1.466118729226930095e-01 1.080240000000000089e+00
1.498210387691902012e-01 1.077676999999999996e+00
1.531004603883944215e-01 1.075863000000000014e+00
1.564516759885790365e-01 1.073042999999999969e+00
1.598762174374112610e-01 1.068842000000000070e+00
1.633757347823671657e-01 1.065107000000000026e+00
1.669518482487836186e-01 1.065139999999999976e+00
1.706062493069121222e-01 1.071717999999999948e+00
1.743406480276755433e-01 1.085137999999999936e+00
1.781567686922972404e-01 1.102360000000000007e+00
1.820564109071452219e-01 1.117993000000000015e+00
1.860414236112984399e-01 1.126992999999999912e+00
1.901136708649468487e-01 1.127350999999999992e+00
1.942750635716576912e-01 1.120584999999999942e+00
1.985275213739692568e-01 1.109849000000000085e+00
2.028730886819132551e-01 1.097912999999999917e+00
2.073137384534022021e-01 1.086897000000000002e+00
2.118516148918974384e-01 1.079277999999999960e+00
2.164888283105038391e-01 1.078005000000000102e+00
2.212275340673810209e-01 1.084767999999999954e+00
2.260699835805370650e-01 1.097888999999999893e+00
2.310183752015635139e-01 1.112144999999999939e+00
2.360751096568884100e-01 1.121056000000000052e+00
2.412425341466744866e-01 1.119923999999999920e+00
2.465230998307618715e-01 1.107865000000000100e+00
2.519191833183147544e-01 1.088190999999999908e+00
2.574334553825345373e-01 1.066926000000000041e+00
2.630683822583526066e-01 1.049940000000000095e+00
2.688266710467492326e-01 1.040472999999999981e+00
2.747110108843249798e-01 1.038721000000000005e+00
2.807241335168895180e-01 1.043161000000000005e+00
2.868688920234096495e-01 1.052078999999999986e+00
2.931481028187655768e-01 1.064500000000000002e+00
2.995647922697904919e-01 1.080422999999999911e+00
3.061219491886544297e-01 1.100397000000000070e+00
3.128225983045015424e-01 1.124752999999999892e+00
3.196699982673885665e-01 1.152730999999999950e+00
3.266672524899394969e-01 1.181680999999999981e+00
3.338175913859038335e-01 1.207367999999999997e+00
3.411245032800827026e-01 1.225931000000000104e+00
3.485912903071751723e-01 1.236013000000000028e+00
3.562216425308692980e-01 1.239333999999999936e+00
3.640189144227933826e-01 1.239652999999999894e+00
3.719868599361595973e-01 1.240807999999999911e+00
3.801292743636255911e-01 1.244601999999999986e+00
3.884498326752345854e-01 1.249697000000000058e+00
3.969526737144291051e-01 1.252552000000000110e+00
4.056414997215270768e-01 1.250030999999999892e+00
4.145204868460213854e-01 1.241740000000000066e+00
4.235940173275368759e-01 1.230088000000000070e+00
4.328659535344370757e-01 1.218250000000000055e+00
4.423408678727827614e-01 1.208096000000000059e+00
4.520233696082087693e-01 1.199665999999999899e+00
4.619176604055267865e-01 1.192253999999999925e+00
4.720285331807737017e-01 1.185958000000000068e+00
4.823605567984378673e-01 1.182112000000000052e+00
4.929189725005434508e-01 1.182565000000000088e+00
5.037085542305222985e-01 1.188906999999999936e+00
5.147340034826902722e-01 1.201961999999999975e+00
5.260010193899755659e-01 1.221105000000000107e+00
5.375147682182568332e-01 1.243740999999999985e+00
5.492803329078241870e-01 1.265929000000000082e+00
5.613033013614973088e-01 1.284267999999999965e+00
5.735898580135665448e-01 1.297533999999999965e+00
5.861448258358571417e-01 1.306691000000000047e+00
5.989749143316128732e-01 1.313951000000000091e+00
6.120861303119130570e-01 1.322092999999999963e+00
6.254839682204105245e-01 1.334192999999999962e+00
6.391749019026319312e-01 1.353004000000000095e+00
6.531657310067570110e-01 1.379712000000000049e+00
6.674631727194452191e-01 1.412630999999999970e+00
6.820728740300071591e-01 1.446938000000000057e+00
6.970030263871405118e-01 1.476372999999999935e+00
7.122593364734473020e-01 1.496412000000000075e+00
7.278502433567288765e-01 1.506675999999999904e+00
7.437819826252529687e-01 1.510585999999999984e+00
7.600626595656545526e-01 1.512850999999999946e+00
7.766996323880640540e-01 1.517066999999999943e+00
7.937005574159013976e-01 1.524723000000000050e+00
8.110740810733430006e-01 1.535546999999999995e+00
8.288272757110509703e-01 1.548543999999999921e+00
8.469695429752346350e-01 1.563069000000000042e+00
8.655086161382736787e-01 1.579325000000000090e+00
8.844540397880493732e-01 1.597955000000000014e+00
9.038134601323364326e-01 1.619126999999999983e+00
9.235972635660274488e-01 1.642179000000000055e+00
9.438138195107080852e-01 1.666301999999999950e+00
9.644726842046378312e-01 1.691697000000000006e+00
9.855838648094324972e-01 1.720110999999999946e+00
1.007156856623164121e+00 1.753886999999999974e+00
1.029202594413900052e+00 1.793776000000000037e+00
1.051730412046940843e+00 1.837137999999999938e+00
1.074752242739242414e+00 1.878351000000000104e+00
1.098277132661993116e+00 1.911548999999999943e+00
1.122316821060050707e+00 1.933739000000000097e+00
1.146883687643933891e+00 1.945988999999999969e+00
1.171988078537265165e+00 1.951977000000000073e+00
1.197640647923590596e+00 1.955268000000000006e+00
1.223856887071053556e+00 1.957530999999999910e+00
1.250645645814651763e+00 1.958644999999999969e+00
1.278020601692099190e+00 1.957780000000000076e+00
1.305994514823037633e+00 1.954452999999999996e+00
1.334582502555725414e+00 1.949635999999999925e+00
1.363795059788775355e+00 1.947024000000000088e+00
1.393646643680787944e+00 1.954042000000000057e+00
1.424152486855072564e+00 1.981840000000000046e+00
1.455324450032890349e+00 2.043508999999999798e+00
1.487179029585939727e+00 2.150173000000000112e+00
1.519733742648287977e+00 2.305930000000000035e+00
1.552997595959721311e+00 2.504106999999999861e+00
1.586991746055928854e+00 2.727465000000000028e+00
1.621728568046108876e+00 2.953269000000000144e+00
1.657226002538870313e+00 3.160651000000000099e+00
1.693503044918474698e+00 3.335614000000000079e+00
1.730570880722132499e+00 3.471684000000000214e+00
1.768449794594556090e+00 3.568144999999999900e+00
1.807161419272292235e+00 3.628187000000000051e+00
1.846718657952616915e+00 3.657220999999999833e+00
1.887141395956233536e+00 3.661007999999999818e+00
1.928446905999783967e+00 3.644369999999999887e+00
1.970660801980119947e+00 3.610885999999999818e+00
2.013794492272063863e+00 3.562937999999999938e+00
2.057875696076454375e+00 3.501306000000000029e+00
2.102921167794182811e+00 3.424694000000000127e+00
2.148947875120341244e+00 3.330427999999999944e+00
2.195987491655247315e+00 3.216479000000000088e+00
2.244054377925685628e+00 3.083530000000000104e+00
2.293172994677545429e+00 2.936309000000000058e+00
2.343369202504593130e+00 2.783371999999999957e+00
2.394664687077192156e+00 2.634749999999999925e+00
2.447081854888045971e+00 2.498718999999999912e+00
2.500643915808320461e+00 2.379607000000000028e+00
2.555381505681890708e+00 2.277626999999999846e+00
2.611313778074887182e+00 2.190247999999999973e+00
2.668474113132628389e+00 2.114148000000000138e+00
2.726883526623927079e+00 2.046581000000000206e+00
2.786570957242854973e+00 1.985554000000000041e+00
2.847566896465314912e+00 1.929708999999999897e+00
2.909895098281706893e+00 1.878705000000000069e+00
2.973597428432943612e+00 1.833490999999999982e+00
3.038682427299522981e+00 1.795639999999999903e+00
3.105194680180473732e+00 1.765938999999999925e+00
3.173162659491088000e+00 1.743152999999999953e+00
3.242626267866870915e+00 1.724035999999999902e+00
3.313595350363004233e+00 1.704599999999999893e+00
3.386134456627003964e+00 1.681848000000000010e+00
3.460243531939777739e+00 1.655281000000000002e+00
3.535992871438371044e+00 1.627431999999999990e+00
3.613382523514086397e+00 1.602573000000000025e+00
3.692475841976804229e+00 1.584152000000000005e+00
3.773300128292204736e+00 1.572721000000000036e+00
3.855897402281920350e+00 1.565744000000000025e+00
3.940296625529969621e+00 1.559207999999999927e+00
4.026542971266589888e+00 1.549938999999999956e+00
4.114684485993613805e+00 1.537349999999999994e+00
4.204754736656211023e+00 1.523678000000000088e+00
4.296787721499407020e+00 1.512850999999999946e+00
4.390837200929101236e+00 1.508744000000000085e+00
4.486960891648868355e+00 1.513716000000000061e+00
4.585157844058781684e+00 1.528048999999999991e+00
4.685530612914259763e+00 1.550364000000000075e+00
4.788102522851219511e+00 1.578403000000000000e+00
4.892894538551115780e+00 1.609496999999999955e+00
