# frequency(Hz) HVamp
2.000000000000000042e-02 6.826630000000000198e-01
2.043777802275861116e-02 6.596100000000000296e-01
2.088513892042544867e-02 6.466730000000000533e-01
2.134229185993890415e-02 6.456619999999999582e-01
2.180945121728470465e-02 6.567089999999999872e-01
2.228683671448790371e-02 6.788399999999999990e-01
2.277467095838639488e-02 7.104000000000000314e-01
2.327318386720582041e-02 7.498820000000000485e-01
2.378260869151607032e-02 7.957849999999999646e-01
2.430318396985316209e-02 8.454920000000000213e-01
2.483515418061077798e-02 8.931189999999999962e-01
2.537876860438217572e-02 9.292700000000000404e-01
2.593428185548686538e-02 9.448239999999999972e-01
2.650195524800330604e-02 9.364959999999999951e-01
2.708205410122367304e-02 9.095320000000000071e-01
2.767485116257483238e-02 8.744110000000000493e-01
2.828062296556268368e-02 8.400619999999999754e-01
2.889965516642458918e-02 8.096330000000000471e-01
2.953223712425469966e-02 7.819500000000000339e-01
3.017866585007221089e-02 7.562539999999999818e-01
3.083924344304486698e-02 7.352039999999999687e-01
3.151428172097601316e-02 7.235979999999999634e-01
3.220409460893151193e-02 7.241309999999999691e-01
3.290900679366954434e-02 7.339839999999999698e-01
3.362935008254323843e-02 7.460830000000000517e-01
3.436545982617606604e-02 7.542900000000000160e-01
3.511768145762538679e-02 7.573450000000000459e-01
3.588636982920923035e-02 7.583100000000000396e-01
3.667188287528685281e-02 7.606490000000000196e-01
3.747459035401046190e-02 7.647639999999999993e-01
3.829486888200696326e-02 7.678369999999999918e-01
3.913310161841203338e-02 7.661360000000000392e-01
3.998968266187323539e-02 7.571700000000000097e-01
4.086501260624340881e-02 7.404180000000000206e-01
4.175950326235679244e-02 7.173180000000000112e-01
4.267357455111880221e-02 6.910089999999999844e-01
4.360765235805109941e-02 6.656029999999999447e-01
4.456217573218773653e-02 6.449300000000000033e-01
4.553759360593897382e-02 6.315739999999999688e-01
4.653436264861679494e-02 6.262659999999999894e-01
4.755294901990994583e-02 6.254349999999999632e-01
4.859383060501651364e-02 6.202480000000000215e-01
4.965749734357217948e-02 6.029970000000000052e-01
5.074444382592605690e-02 5.731439999999999868e-01
5.185518671652646766e-02 5.363149999999999862e-01
5.299023919793973553e-02 5.001919999999999700e-01
5.415013688613103116e-02 4.703950000000000076e-01
5.533542508618215922e-02 4.480720000000000258e-01
5.654665825930951795e-02 4.299999999999999933e-01
5.778440269534190765e-02 4.109689999999999732e-01
5.904923992113619846e-02 3.873599999999999821e-01
6.034176368113722960e-02 3.589430000000000121e-01
6.166257977365023624e-02 3.267559999999999909e-01
6.301230579922413588e-02 2.913640000000000119e-01
6.439157495481964699e-02 2.542260000000000075e-01
6.580103648476649802e-02 2.195620000000000072e-01
6.724135160227064090e-02 1.938259999999999983e-01
6.871319291929786632e-02 1.821079999999999921e-01
7.021724865648072689e-02 1.842459999999999931e-01
7.175422799231455373e-02 1.938219999999999943e-01
7.332484622679873165e-02 2.013749999999999984e-01
7.492985067379918929e-02 1.997990000000000044e-01
7.656998328017844413e-02 1.870999999999999885e-01
7.824601847091161577e-02 1.653759999999999952e-01
7.995873489609482687e-02 1.388860000000000094e-01
8.170894587125514252e-02 1.126349999999999990e-01
8.349746848200181870e-02 9.135300000000000364e-02
8.532513483931059017e-02 7.850999999999999646e-02
8.719280666320453066e-02 7.528500000000000469e-02
8.910136197668877545e-02 7.980399999999999994e-02
9.105169441740208758e-02 8.741899999999999671e-02
9.304472101470850909e-02 9.267499999999999349e-02
9.508136492722282784e-02 9.183399999999999896e-02
9.716259003207046441e-02 8.368000000000000438e-02
9.928937600698042876e-02 6.931600000000000261e-02
1.014627169666056788e-01 5.187599999999999850e-02
1.036836198025345573e-01 3.541799999999999810e-02
1.059531470945422049e-01 2.318999999999999881e-02
1.082723426204657002e-01 1.638699999999999879e-02
1.106423073612318730e-01 1.418699999999999996e-02
1.130641434367904014e-01 1.492199999999999950e-02
1.155389888050807612e-01 1.738200000000000162e-02
1.180680199308263012e-01 2.147900000000000156e-02
1.206523964642573915e-01 2.816799999999999859e-02
1.232933427266421494e-01 3.842700000000000282e-02
1.259921091142061633e-01 5.154899999999999760e-02
1.287499385219043613e-01 6.430099999999999705e-02
1.315681276210838024e-01 7.242300000000000126e-02
1.344480149355610776e-01 7.365199999999999525e-02
1.373909270603933253e-01 6.953299999999999759e-02
1.403982677661723133e-01 6.446000000000000341e-02
1.434714465996406174e-01 6.286700000000000621e-02
1.466118729226930095e-01 6.650899999999999868e-02
1.498210387691902012e-01 7.369399999999999562e-02
1.531004603883944215e-01 8.093300000000000494e-02
1.564516759885790365e-01 8.537899999999999656e-02
1.598762174374112610e-01 8.615200000000000635e-02
1.633757347823671657e-01 8.433300000000000518e-02
1.669518482487836186e-01 8.230700000000000516e-02
1.706062493069121222e-01 8.274099999999999511e-02
1.743406480276755433e-01 8.771099999999999730e-02
1.781567686922972404e-01 9.892600000000000005e-02
1.820564109071452219e-01 1.180500000000000022e-01
1.860414236112984399e-01 1.453770000000000062e-01
1.901136708649468487e-01 1.780609999999999971e-01
1.942750635716576912e-01 2.104040000000000077e-01
1.985275213739692568e-01 2.363230000000000053e-01
2.028730886819132551e-01 2.519279999999999853e-01
2.073137384534022021e-01 2.566539999999999933e-01
2.118516148918974384e-01 2.529150000000000009e-01
2.164888283105038391e-01 2.447169999999999901e-01
2.212275340673810209e-01 2.359910000000000063e-01
2.260699835805370650e-01 2.298949999999999882e-01
2.310183752015635139e-01 2.291559999999999986e-01
2.360751096568884100e-01 2.358349999999999891e-01
2.412425341466744866e-01 2.499959999999999960e-01
2.465230998307618715e-01 2.694079999999999808e-01
2.519191833183147544e-01 2.914289999999999936e-01
2.574334553825345373e-01 3.150259999999999727e-01
2.630683822583526066e-01 3.407649999999999846e-01
2.688266710467492326e-01 3.690840000000000232e-01
2.747110108843249798e-01 3.989329999999999821e-01
2.807241335168895180e-01 4.282850000000000268e-01
2.868688920234096495e-01 4.557840000000000225e-01
2.931481028187655768e-01 4.819149999999999823e-01
2.995647922697904919e-01 5.085979999999999945e-01
3.061219491886544297e-01 5.372630000000000461e-01
3.128225983045015424e-01 5.668560000000000265e-01
3.196699982673885665e-01 5.937890000000000112e-01
3.266672524899394969e-01 6.143480000000000052e-01
3.338175913859038335e-01 6.276080000000000547e-01
3.411245032800827026e-01 6.361289999999999445e-01
3.485912903071751723e-01 6.436809999999999476e-01
3.562216425308692980e-01 6.522820000000000285e-01
3.640189144227933826e-01 6.615659999999999874e-01
3.719868599361595973e-01 6.704510000000000192e-01
3.801292743636255911e-01 6.786539999999999795e-01
3.884498326752345854e-01 6.866560000000000441e-01
3.969526737144291051e-01 6.946639999999999482e-01
4.056414997215270768e-01 7.020539999999999559e-01
4.145204868460213854e-01 7.079940000000000122e-01
4.235940173275368759e-01 7.125420000000000087e-01
4.328659535344370757e-01 7.169119999999999937e-01
4.423408678727827614e-01 7.225599999999999801e-01
4.520233696082087693e-01 7.301189999999999625e-01
4.619176604055267865e-01 7.390729999999999800e-01
4.720285331807737017e-01 7.482029999999999514e-01
4.823605567984378673e-01 7.563680000000000403e-01
4.929189725005434508e-01 7.630219999999999780e-01
5.037085542305222985e-01 7.682120000000000060e-01
5.147340034826902722e-01 7.723619999999999930e-01
5.260010193899755659e-01 7.760669999999999513e-01
5.375147682182568332e-01 7.797770000000000534e-01
5.492803329078241870e-01 7.835539999999999727e-01
5.613033013614973088e-01 7.873240000000000238e-01
5.735898580135665448e-01 7.911070000000000046e-01
5.861448258358571417e-01 7.947210000000000107e-01
5.989749143316128732e-01 7.975029999999999619e-01
6.120861303119130570e-01 7.987539999999999640e-01
6.254839682204105245e-01 7.987419999999999520e-01
6.391749019026319312e-01 7.990140000000000020e-01
6.531657310067570110e-01 8.012829999999999675e-01
6.674631727194452191e-01 8.059100000000000152e-01
6.820728740300071591e-01 8.117109999999999603e-01
6.970030263871405118e-01 8.169629999999999947e-01
7.122593364734473020e-01 8.202519999999999811e-01
7.278502433567288765e-01 8.207900000000000196e-01
7.437819826252529687e-01 8.186499999999999888e-01
7.600626595656545526e-01 8.149089999999999945e-01
7.766996323880640540e-01 8.114249999999999519e-01
7.937005574159013976e-01 8.103690000000000060e-01
8.110740810733430006e-01 8.134909999999999641e-01
8.288272757110509703e-01 8.210110000000000463e-01
8.469695429752346350e-01 8.309699999999999864e-01
8.655086161382736787e-01 8.401589999999999892e-01
8.844540397880493732e-01 8.463549999999999685e-01
9.038134601323364326e-01 8.498700000000000143e-01
9.235972635660274488e-01 8.526920000000000055e-01
9.438138195107080852e-01 8.562009999999999899e-01
9.644726842046378312e-01 8.602009999999999934e-01
9.855838648094324972e-01 8.641849999999999810e-01
1.007156856623164121e+00 8.691299999999999581e-01
1.029202594413900052e+00 8.776869999999999949e-01
1.051730412046940843e+00 8.922980000000000356e-01
1.074752242739242414e+00 9.132869999999999600e-01
1.098277132661993116e+00 9.389520000000000088e-01
1.122316821060050707e+00 9.674019999999999841e-01
1.146883687643933891e+00 9.984410000000000229e-01
1.171988078537265165e+00 1.034084000000000003e+00
1.197640647923590596e+00 1.077401000000000053e+00
1.223856887071053556e+00 1.130322999999999967e+00
1.250645645814651763e+00 1.191907999999999967e+00
1.278020601692099190e+00 1.258434999999999970e+00
1.305994514823037633e+00 1.325290000000000079e+00
1.334582502555725414e+00 1.389278999999999931e+00
1.363795059788775355e+00 1.449886999999999926e+00
1.393646643680787944e+00 1.508934999999999915e+00
1.424152486855072564e+00 1.568599999999999994e+00
1.455324450032890349e+00 1.628830000000000000e+00
1.487179029585939727e+00 1.686088999999999949e+00
1.519733742648287977e+00 1.734844000000000053e+00
1.552997595959721311e+00 1.770969000000000015e+00
1.586991746055928854e+00 1.794224000000000041e+00
1.621728568046108876e+00 1.807722999999999969e+00
1.657226002538870313e+00 1.815947999999999896e+00
1.693503044918474698e+00 1.824283000000000099e+00
1.730570880722132499e+00 1.839785999999999921e+00
1.768449794594556090e+00 1.870224000000000109e+00
1.807161419272292235e+00 1.920365000000000100e+00
1.846718657952616915e+00 1.988610999999999907e+00
1.887141395956233536e+00 2.067759000000000125e+00
1.928446905999783967e+00 2.149414999999999853e+00
1.970660801980119947e+00 2.228028999999999815e+00
2.013794492272063863e+00 2.301750999999999880e+00
2.057875696076454375e+00 2.370763999999999871e+00
2.102921167794182811e+00 2.434848999999999819e+00
2.148947875120341244e+00 2.491676000000000002e+00
2.195987491655247315e+00 2.537265999999999799e+00
2.244054377925685628e+00 2.568204999999999849e+00
2.293172994677545429e+00 2.582968999999999848e+00
2.343369202504593130e+00 2.581282999999999994e+00
2.394664687077192156e+00 2.562911000000000161e+00
2.447081854888045971e+00 2.527385999999999910e+00
2.500643915808320461e+00 2.475366000000000177e+00
2.555381505681890708e+00 2.410435000000000105e+00
2.611313778074887182e+00 2.339377999999999957e+00
2.668474113132628389e+00 2.270220000000000127e+00
2.726883526623927079e+00 2.209093000000000195e+00
2.786570957242854973e+00 2.157986000000000182e+00
2.847566896465314912e+00 2.114406999999999925e+00
2.909895098281706893e+00 2.072745999999999977e+00
2.973597428432943612e+00 2.026679000000000119e+00
3.038682427299522981e+00 1.971651000000000042e+00
3.105194680180473732e+00 1.906381000000000103e+00
3.173162659491088000e+00 1.832813000000000025e+00
3.242626267866870915e+00 1.755155999999999938e+00
3.313595350363004233e+00 1.679006999999999916e+00
3.386134456627003964e+00 1.610421000000000102e+00
3.460243531939777739e+00 1.554440000000000044e+00
3.535992871438371044e+00 1.513675000000000104e+00
3.613382523514086397e+00 1.487546000000000035e+00
3.692475841976804229e+00 1.472442000000000029e+00
3.773300128292204736e+00 1.462796999999999903e+00
3.855897402281920350e+00 1.452852999999999950e+00
3.940296625529969621e+00 1.438663999999999943e+00
4.026542971266589888e+00 1.419384999999999897e+00
4.114684485993613805e+00 1.397005999999999970e+00
4.204754736656211023e+00 1.374916000000000027e+00
4.296787721499407020e+00 1.356309999999999905e+00
4.390837200929101236e+00 1.343121000000000009e+00
4.486960891648868355e+00 1.335679000000000061e+00
4.585157844058781684e+00 1.332940000000000014e+00
4.685530612914259763e+00 1.332988000000000062e+00
4.788102522851219511e+00 1.333526999999999907e+00
4.892894538551115780e+00 1.332241000000000009e+00
