# frequency(Hz) HVamp
2.000000000000000042e-02 1.053311000000000108e+00
2.043777802275861116e-02 1.029665999999999970e+00
2.088513892042544867e-02 1.004221999999999948e+00
2.134229185993890415e-02 9.786280000000000534e-01
2.180945121728470465e-02 9.546019999999999506e-01
2.228683671448790371e-02 9.337079999999999824e-01
2.277467095838639488e-02 9.167079999999999673e-01
2.327318386720582041e-02 9.032550000000000301e-01
2.378260869151607032e-02 8.920820000000000416e-01
2.430318396985316209e-02 8.812240000000000073e-01
2.483515418061077798e-02 8.690849999999999964e-01
2.537876860438217572e-02 8.552739999999999787e-01
2.593428185548686538e-02 8.404599999999999849e-01
2.650195524800330604e-02 8.259790000000000187e-01
2.708205410122367304e-02 8.136079999999999979e-01
2.767485116257483238e-02 8.052960000000000118e-01
2.828062296556268368e-02 8.026739999999999986e-01
2.889965516642458918e-02 8.062460000000000182e-01
2.953223712425469966e-02 8.144869999999999610e-01
3.017866585007221089e-02 8.238529999999999465e-01
3.083924344304486698e-02 8.306029999999999802e-01
3.151428172097601316e-02 8.331739999999999702e-01
3.220409460893151193e-02 8.327820000000000222e-01
3.290900679366954434e-02 8.318640000000000478e-01
3.362935008254323843e-02 8.321640000000000148e-01
3.436545982617606604e-02 8.339360000000000106e-01
3.511768145762538679e-02 8.362209999999999921e-01
3.588636982920923035e-02 8.376850000000000129e-01
3.667188287528685281e-02 8.376879999999999882e-01
3.747459035401046190e-02 8.368179999999999508e-01
3.829486888200696326e-02 8.363230000000000386e-01
3.913310161841203338e-02 8.373610000000000220e-01
3.998968266187323539e-02 8.410689999999999555e-01
4.086501260624340881e-02 8.488970000000000127e-01
4.175950326235679244e-02 8.624410000000000132e-01
4.267357455111880221e-02 8.825690000000000479e-01
4.360765235805109941e-02 9.082069999999999865e-01
4.456217573218773653e-02 9.359899999999999887e-01
4.553759360593897382e-02 9.616999999999999993e-01
4.653436264861679494e-02 9.820050000000000168e-01
4.755294901990994583e-02 9.954659999999999620e-01
4.859383060501651364e-02 1.003033999999999981e+00
4.965749734357217948e-02 1.007200000000000095e+00
5.074444382592605690e-02 1.010928999999999967e+00
5.185518671652646766e-02 1.016839999999999966e+00
5.299023919793973553e-02 1.026307999999999998e+00
5.415013688613103116e-02 1.039393000000000011e+00
5.533542508618215922e-02 1.055336999999999970e+00
5.654665825930951795e-02 1.073274000000000061e+00
5.778440269534190765e-02 1.092443999999999971e+00
5.904923992113619846e-02 1.111707999999999918e+00
6.034176368113722960e-02 1.129542000000000046e+00
6.166257977365023624e-02 1.144805000000000073e+00
6.301230579922413588e-02 1.156325000000000047e+00
6.439157495481964699e-02 1.162673999999999985e+00
6.580103648476649802e-02 1.163672000000000040e+00
6.724135160227064090e-02 1.161178000000000043e+00
6.871319291929786632e-02 1.157828000000000079e+00
7.021724865648072689e-02 1.155161000000000104e+00
7.175422799231455373e-02 1.152913000000000077e+00
7.332484622679873165e-02 1.149929999999999897e+00
7.492985067379918929e-02 1.145620000000000083e+00
7.656998328017844413e-02 1.140759000000000079e+00
7.824601847091161577e-02 1.137191999999999981e+00
7.995873489609482687e-02 1.136563999999999908e+00
8.170894587125514252e-02 1.138997999999999955e+00
8.349746848200181870e-02 1.142741999999999924e+00
8.532513483931059017e-02 1.145065999999999917e+00
8.719280666320453066e-02 1.143629000000000007e+00
8.910136197668877545e-02 1.137339000000000100e+00
9.105169441740208758e-02 1.126552999999999916e+00
9.304472101470850909e-02 1.112954999999999917e+00
9.508136492722282784e-02 1.099174000000000095e+00
9.716259003207046441e-02 1.088033999999999946e+00
9.928937600698042876e-02 1.081534999999999913e+00
1.014627169666056788e-01 1.080152999999999919e+00
1.036836198025345573e-01 1.082737000000000060e+00
1.059531470945422049e-01 1.086994000000000016e+00
1.082723426204657002e-01 1.090791000000000066e+00
1.106423073612318730e-01 1.093415000000000026e+00
1.130641434367904014e-01 1.095401999999999987e+00
1.155389888050807612e-01 1.097266000000000075e+00
1.180680199308263012e-01 1.098727999999999927e+00
1.206523964642573915e-01 1.099005999999999927e+00
1.232933427266421494e-01 1.097542999999999935e+00
1.259921091142061633e-01 1.094410000000000105e+00
1.287499385219043613e-01 1.090232000000000090e+00
1.315681276210838024e-01 1.085946000000000078e+00
1.344480149355610776e-01 1.082635000000000014e+00
1.373909270603933253e-01 1.081366000000000049e+00
1.403982677661723133e-01 1.082980999999999971e+00
1.434714465996406174e-01 1.087798999999999960e+00
1.466118729226930095e-01 1.095275999999999916e+00
1.498210387691902012e-01 1.103995999999999977e+00
1.531004603883944215e-01 1.112117000000000022e+00
1.564516759885790365e-01 1.118162000000000100e+00
1.598762174374112610e-01 1.122006999999999977e+00
1.633757347823671657e-01 1.125510999999999928e+00
1.669518482487836186e-01 1.131907999999999914e+00
1.706062493069121222e-01 1.143914000000000097e+00
1.743406480276755433e-01 1.161629999999999940e+00
1.781567686922972404e-01 1.181613999999999942e+00
1.820564109071452219e-01 1.198004999999999987e+00
1.860414236112984399e-01 1.205489999999999950e+00
1.901136708649468487e-01 1.202163000000000093e+00
1.942750635716576912e-01 1.190120999999999984e+00
1.985275213739692568e-01 1.173588000000000076e+00
2.028730886819132551e-01 1.156543000000000099e+00
2.073137384534022021e-01 1.141844999999999999e+00
2.118516148918974384e-01 1.131969000000000003e+00
2.164888283105038391e-01 1.129579000000000111e+00
2.212275340673810209e-01 1.136346000000000078e+00
2.260699835805370650e-01 1.150746000000000047e+00
2.310183752015635139e-01 1.167586000000000013e+00
2.360751096568884100e-01 1.180460999999999983e+00
2.412425341466744866e-01 1.185060999999999920e+00
2.465230998307618715e-01 1.180793999999999899e+00
2.519191833183147544e-01 1.170349000000000084e+00
2.574334553825345373e-01 1.158122000000000096e+00
2.630683822583526066e-01 1.148212000000000010e+00
2.688266710467492326e-01 1.142889999999999961e+00
2.747110108843249798e-01 1.142379000000000033e+00
2.807241335168895180e-01 1.145602999999999927e+00
2.868688920234096495e-01 1.151210999999999984e+00
2.931481028187655768e-01 1.158689000000000080e+00
2.995647922697904919e-01 1.169044999999999890e+00
3.061219491886544297e-01 1.184285999999999950e+00
3.128225983045015424e-01 1.205972999999999962e+00
3.196699982673885665e-01 1.233797999999999950e+00
3.266672524899394969e-01 1.264874000000000054e+00
3.338175913859038335e-01 1.294345999999999997e+00
3.411245032800827026e-01 1.317415999999999920e+00
3.485912903071751723e-01 1.331444999999999990e+00
3.562216425308692980e-01 1.336851000000000012e+00
3.640189144227933826e-01 1.336664999999999992e+00
3.719868599361595973e-01 1.334991000000000039e+00
3.801292743636255911e-01 1.334869000000000083e+00
3.884498326752345854e-01 1.336681999999999926e+00
3.969526737144291051e-01 1.338359999999999994e+00
4.056414997215270768e-01 1.337471000000000076e+00
4.145204868460213854e-01 1.333509999999999973e+00
4.235940173275368759e-01 1.328348000000000084e+00
4.328659535344370757e-01 1.324627999999999917e+00
4.423408678727827614e-01 1.323757999999999990e+00
4.520233696082087693e-01 1.325244000000000089e+00
4.619176604055267865e-01 1.327806000000000042e+00
4.720285331807737017e-01 1.331172000000000022e+00
4.823605567984378673e-01 1.336778999999999940e+00
4.929189725005434508e-01 1.346961000000000075e+00
5.037085542305222985e-01 1.363723999999999936e+00
5.147340034826902722e-01 1.387952000000000075e+00
5.260010193899755659e-01 1.418825999999999921e+00
5.375147682182568332e-01 1.453505999999999965e+00
5.492803329078241870e-01 1.487733999999999890e+00
5.613033013614973088e-01 1.517517000000000005e+00
5.735898580135665448e-01 1.540753999999999957e+00
5.861448258358571417e-01 1.557520999999999933e+00
5.989749143316128732e-01 1.569563000000000041e+00
6.120861303119130570e-01 1.580111000000000043e+00
6.254839682204105245e-01 1.593850999999999907e+00
6.391749019026319312e-01 1.615895999999999999e+00
6.531657310067570110e-01 1.649451000000000001e+00
6.674631727194452191e-01 1.693316000000000043e+00
6.820728740300071591e-01 1.741104999999999903e+00
6.970030263871405118e-01 1.783520999999999912e+00
7.122593364734473020e-01 1.812864999999999949e+00
7.278502433567288765e-01 1.826726999999999990e+00
7.437819826252529687e-01 1.828229000000000104e+00
7.600626595656545526e-01 1.823098000000000107e+00
7.766996323880640540e-01 1.816156000000000104e+00
7.937005574159013976e-01 1.809498999999999969e+00
8.110740810733430006e-01 1.802972000000000019e+00
8.288272757110509703e-01 1.795879999999999921e+00
8.469695429752346350e-01 1.788386000000000031e+00
8.655086161382736787e-01 1.781727000000000061e+00
8.844540397880493732e-01 1.777396999999999894e+00
9.038134601323364326e-01 1.776053000000000104e+00
9.235972635660274488e-01 1.777123999999999926e+00
9.438138195107080852e-01 1.779525000000000023e+00
9.644726842046378312e-01 1.782899000000000012e+00
9.855838648094324972e-01 1.788440999999999947e+00
1.007156856623164121e+00 1.798394999999999966e+00
1.029202594413900052e+00 1.814108999999999972e+00
1.051730412046940843e+00 1.833911999999999987e+00
1.074752242739242414e+00 1.852789999999999937e+00
1.098277132661993116e+00 1.864670000000000050e+00
1.122316821060050707e+00 1.865974999999999939e+00
1.146883687643933891e+00 1.857768000000000086e+00
1.171988078537265165e+00 1.844724999999999948e+00
1.197640647923590596e+00 1.831763999999999948e+00
1.223856887071053556e+00 1.821128999999999998e+00
1.250645645814651763e+00 1.812017999999999907e+00
1.278020601692099190e+00 1.802403999999999895e+00
1.305994514823037633e+00 1.791452999999999962e+00
1.334582502555725414e+00 1.781263000000000041e+00
1.363795059788775355e+00 1.777209000000000039e+00
1.393646643680787944e+00 1.787155999999999967e+00
1.424152486855072564e+00 1.820195000000000007e+00
1.455324450032890349e+00 1.885061000000000098e+00
1.487179029585939727e+00 1.987881999999999927e+00
1.519733742648287977e+00 2.129316000000000209e+00
1.552997595959721311e+00 2.302207999999999810e+00
1.586991746055928854e+00 2.491797000000000040e+00
1.621728568046108876e+00 2.679688000000000070e+00
1.657226002538870313e+00 2.849886999999999837e+00
1.693503044918474698e+00 2.992957000000000090e+00
1.730570880722132499e+00 3.106184999999999974e+00
1.768449794594556090e+00 3.191235999999999962e+00
1.807161419272292235e+00 3.251803999999999917e+00
1.846718657952616915e+00 3.291980999999999824e+00
1.887141395956233536e+00 3.315052999999999805e+00
1.928446905999783967e+00 3.323066999999999993e+00
1.970660801980119947e+00 3.317093999999999987e+00
2.013794492272063863e+00 3.297398999999999969e+00
2.057875696076454375e+00 3.263041999999999998e+00
2.102921167794182811e+00 3.211495999999999906e+00
2.148947875120341244e+00 3.139521999999999924e+00
2.195987491655247315e+00 3.045333999999999985e+00
2.244054377925685628e+00 2.930663000000000018e+00
2.293172994677545429e+00 2.801642999999999883e+00
2.343369202504593130e+00 2.667766999999999999e+00
2.394664687077192156e+00 2.538956000000000213e+00
2.447081854888045971e+00 2.422401999999999944e+00
2.500643915808320461e+00 2.320904000000000078e+00
2.555381505681890708e+00 2.233216999999999786e+00
2.611313778074887182e+00 2.155877999999999961e+00
2.668474113132628389e+00 2.085589000000000137e+00
2.726883526623927079e+00 2.020690000000000097e+00
2.786570957242854973e+00 1.960835000000000106e+00
2.847566896465314912e+00 1.906055000000000055e+00
2.909895098281706893e+00 1.856570999999999971e+00
2.973597428432943612e+00 1.812921000000000005e+00
3.038682427299522981e+00 1.775665999999999967e+00
3.105194680180473732e+00 1.744591999999999921e+00
3.173162659491088000e+00 1.717943999999999916e+00
3.242626267866870915e+00 1.692627000000000104e+00
3.313595350363004233e+00 1.665475000000000039e+00
3.386134456627003964e+00 1.634781000000000040e+00
3.460243531939777739e+00 1.601367999999999903e+00
3.535992871438371044e+00 1.568662999999999919e+00
3.613382523514086397e+00 1.541260999999999992e+00
3.692475841976804229e+00 1.522570999999999897e+00
3.773300128292204736e+00 1.512977000000000016e+00
3.855897402281920350e+00 1.509663999999999895e+00
3.940296625529969621e+00 1.508169000000000093e+00
4.026542971266589888e+00 1.504731999999999958e+00
4.114684485993613805e+00 1.498153000000000068e+00
4.204754736656211023e+00 1.490207000000000059e+00
4.296787721499407020e+00 1.484642000000000017e+00
4.390837200929101236e+00 1.485429000000000110e+00
4.486960891648868355e+00 1.495243000000000100e+00
4.585157844058781684e+00 1.514756999999999909e+00
4.685530612914259763e+00 1.542839999999999989e+00
4.788102522851219511e+00 1.577166999999999986e+00
4.892894538551115780e+00 1.614716999999999958e+00
