# frequency(Hz) HVamp
2.000000000000000042e-02 8.951829999999999510e-01
2.043777802275861116e-02 8.476439999999999531e-01
2.088513892042544867e-02 8.180140000000000189e-01
2.134229185993890415e-02 8.090429999999999566e-01
2.180945121728470465e-02 8.199140000000000317e-01
2.228683671448790371e-02 8.465230000000000254e-01
2.277467095838639488e-02 8.825720000000000232e-01
2.327318386720582041e-02 9.220279999999999587e-01
2.378260869151607032e-02 9.607400000000000384e-01
2.430318396985316209e-02 9.953830000000000178e-01
2.483515418061077798e-02 1.022005000000000052e+00
2.537876860438217572e-02 1.036383999999999972e+00
2.593428185548686538e-02 1.036207000000000100e+00
2.650195524800330604e-02 1.023392000000000079e+00
2.708205410122367304e-02 1.004464999999999941e+00
2.767485116257483238e-02 9.875009999999999621e-01
2.828062296556268368e-02 9.774009999999999643e-01
2.889965516642458918e-02 9.738010000000000277e-01
2.953223712425469966e-02 9.728120000000000100e-01
3.017866585007221089e-02 9.702969999999999651e-01
3.083924344304486698e-02 9.647329999999999517e-01
3.151428172097601316e-02 9.583340000000000192e-01
3.220409460893151193e-02 9.551119999999999610e-01
3.290900679366954434e-02 9.572340000000000293e-01
3.362935008254323843e-02 9.639379999999999615e-01
3.436545982617606604e-02 9.738959999999999839e-01
3.511768145762538679e-02 9.870179999999999509e-01
3.588636982920923035e-02 1.003460999999999936e+00
3.667188287528685281e-02 1.021505000000000107e+00
3.747459035401046190e-02 1.036966000000000054e+00
3.829486888200696326e-02 1.045031999999999961e+00
3.913310161841203338e-02 1.042653000000000052e+00
3.998968266187323539e-02 1.029466999999999910e+00
4.086501260624340881e-02 1.007373999999999992e+00
4.175950326235679244e-02 9.792509999999999826e-01
4.267357455111880221e-02 9.474759999999999849e-01
4.360765235805109941e-02 9.136180000000000412e-01
4.456217573218773653e-02 8.800310000000000077e-01
4.553759360593897382e-02 8.516420000000000101e-01
4.653436264861679494e-02 8.348870000000000458e-01
4.755294901990994583e-02 8.324489999999999945e-01
4.859383060501651364e-02 8.390379999999999505e-01
4.965749734357217948e-02 8.446879999999999944e-01
5.074444382592605690e-02 8.420530000000000515e-01
5.185518671652646766e-02 8.297889999999999988e-01
5.299023919793973553e-02 8.108619999999999717e-01
5.415013688613103116e-02 7.896189999999999598e-01
5.533542508618215922e-02 7.700369999999999715e-01
5.654665825930951795e-02 7.546899999999999720e-01
5.778440269534190765e-02 7.439480000000000537e-01
5.904923992113619846e-02 7.360349999999999948e-01
6.034176368113722960e-02 7.281450000000000422e-01
6.166257977365023624e-02 7.178600000000000536e-01
6.301230579922413588e-02 7.041450000000000209e-01
6.439157495481964699e-02 6.882460000000000244e-01
6.580103648476649802e-02 6.745079999999999965e-01
6.724135160227064090e-02 6.697330000000000227e-01
6.871319291929786632e-02 6.801300000000000123e-01
7.021724865648072689e-02 7.071359999999999868e-01
7.175422799231455373e-02 7.452609999999999513e-01
7.332484622679873165e-02 7.844780000000000086e-01
7.492985067379918929e-02 8.156299999999999661e-01
7.656998328017844413e-02 8.340210000000000123e-01
7.824601847091161577e-02 8.393749999999999822e-01
7.995873489609482687e-02 8.345139999999999780e-01
8.170894587125514252e-02 8.244350000000000289e-01
8.349746848200181870e-02 8.149990000000000290e-01
8.532513483931059017e-02 8.109389999999999654e-01
8.719280666320453066e-02 8.142660000000000453e-01
8.910136197668877545e-02 8.240079999999999627e-01
9.105169441740208758e-02 8.371760000000000312e-01
9.304472101470850909e-02 8.500140000000000473e-01
9.508136492722282784e-02 8.588670000000000471e-01
9.716259003207046441e-02 8.608449999999999713e-01
9.928937600698042876e-02 8.546570000000000000e-01
1.014627169666056788e-01 8.411790000000000100e-01
1.036836198025345573e-01 8.229640000000000288e-01
1.059531470945422049e-01 8.030680000000000041e-01
1.082723426204657002e-01 7.842719999999999692e-01
1.106423073612318730e-01 7.688660000000000494e-01
1.130641434367904014e-01 7.583879999999999511e-01
1.155389888050807612e-01 7.531609999999999694e-01
1.180680199308263012e-01 7.521970000000000045e-01
1.206523964642573915e-01 7.537909999999999888e-01
1.232933427266421494e-01 7.562630000000000186e-01
1.259921091142061633e-01 7.582060000000000466e-01
1.287499385219043613e-01 7.584330000000000238e-01
1.315681276210838024e-01 7.562259999999999538e-01
1.344480149355610776e-01 7.518580000000000263e-01
1.373909270603933253e-01 7.467019999999999769e-01
1.403982677661723133e-01 7.425329999999999986e-01
1.434714465996406174e-01 7.404380000000000406e-01
1.466118729226930095e-01 7.401649999999999618e-01
1.498210387691902012e-01 7.403889999999999638e-01
1.531004603883944215e-01 7.395899999999999697e-01
1.564516759885790365e-01 7.368190000000000017e-01
1.598762174374112610e-01 7.320470000000000033e-01
1.633757347823671657e-01 7.260750000000000259e-01
1.669518482487836186e-01 7.199989999999999446e-01
1.706062493069121222e-01 7.145110000000000072e-01
1.743406480276755433e-01 7.095630000000000548e-01
1.781567686922972404e-01 7.047080000000000011e-01
1.820564109071452219e-01 6.996019999999999461e-01
1.860414236112984399e-01 6.940969999999999640e-01
1.901136708649468487e-01 6.880490000000000217e-01
1.942750635716576912e-01 6.811730000000000285e-01
1.985275213739692568e-01 6.731030000000000069e-01
2.028730886819132551e-01 6.636450000000000404e-01
2.073137384534022021e-01 6.531019999999999603e-01
2.118516148918974384e-01 6.424039999999999750e-01
2.164888283105038391e-01 6.328340000000000076e-01
2.212275340673810209e-01 6.253800000000000470e-01
2.260699835805370650e-01 6.202130000000000143e-01
2.310183752015635139e-01 6.167259999999999964e-01
2.360751096568884100e-01 6.139670000000000405e-01
2.412425341466744866e-01 6.111159999999999926e-01
2.465230998307618715e-01 6.078820000000000334e-01
2.519191833183147544e-01 6.047789999999999555e-01
2.574334553825345373e-01 6.030299999999999550e-01
2.630683822583526066e-01 6.038769999999999971e-01
2.688266710467492326e-01 6.076200000000000490e-01
2.747110108843249798e-01 6.132100000000000328e-01
2.807241335168895180e-01 6.189419999999999922e-01
2.868688920234096495e-01 6.236439999999999761e-01
2.931481028187655768e-01 6.273290000000000255e-01
2.995647922697904919e-01 6.308510000000000506e-01
3.061219491886544297e-01 6.349299999999999944e-01
3.128225983045015424e-01 6.393339999999999579e-01
3.196699982673885665e-01 6.428890000000000438e-01
3.266672524899394969e-01 6.443389999999999951e-01
3.338175913859038335e-01 6.433609999999999607e-01
3.411245032800827026e-01 6.408009999999999540e-01
3.485912903071751723e-01 6.378880000000000106e-01
3.562216425308692980e-01 6.351769999999999916e-01
3.640189144227933826e-01 6.322990000000000554e-01
3.719868599361595973e-01 6.286819999999999631e-01
3.801292743636255911e-01 6.243840000000000501e-01
3.884498326752345854e-01 6.202509999999999968e-01
3.969526737144291051e-01 6.173359999999999959e-01
4.056414997215270768e-01 6.162440000000000140e-01
4.145204868460213854e-01 6.169529999999999736e-01
4.235940173275368759e-01 6.190750000000000419e-01
4.328659535344370757e-01 6.221609999999999641e-01
4.423408678727827614e-01 6.258139999999999814e-01
4.520233696082087693e-01 6.297460000000000280e-01
4.619176604055267865e-01 6.338989999999999903e-01
4.720285331807737017e-01 6.384760000000000435e-01
4.823605567984378673e-01 6.437760000000000149e-01
4.929189725005434508e-01 6.499219999999999997e-01
5.037085542305222985e-01 6.566880000000000495e-01
5.147340034826902722e-01 6.635379999999999612e-01
5.260010193899755659e-01 6.698979999999999935e-01
5.375147682182568332e-01 6.755619999999999958e-01
5.492803329078241870e-01 6.809950000000000170e-01
5.613033013614973088e-01 6.874160000000000270e-01
5.735898580135665448e-01 6.964069999999999983e-01
5.861448258358571417e-01 7.090499999999999581e-01
5.989749143316128732e-01 7.252349999999999630e-01
6.120861303119130570e-01 7.437890000000000335e-01
6.254839682204105245e-01 7.633670000000000178e-01
6.391749019026319312e-01 7.832590000000000385e-01
6.531657310067570110e-01 8.034289999999999488e-01
6.674631727194452191e-01 8.239610000000000545e-01
6.820728740300071591e-01 8.445399999999999574e-01
6.970030263871405118e-01 8.642379999999999507e-01
7.122593364734473020e-01 8.816119999999999512e-01
7.278502433567288765e-01 8.951900000000000412e-01
7.437819826252529687e-01 9.041439999999999477e-01
7.600626595656545526e-01 9.087079999999999602e-01
7.766996323880640540e-01 9.102350000000000163e-01
7.937005574159013976e-01 9.110660000000000425e-01
8.110740810733430006e-01 9.139119999999999466e-01
8.288272757110509703e-01 9.205109999999999681e-01
8.469695429752346350e-01 9.303420000000000023e-01
8.655086161382736787e-01 9.406679999999999486e-01
8.844540397880493732e-01 9.482159999999999478e-01
9.038134601323364326e-01 9.512500000000000400e-01
9.235972635660274488e-01 9.502800000000000136e-01
9.438138195107080852e-01 9.470229999999999482e-01
9.644726842046378312e-01 9.430049999999999821e-01
9.855838648094324972e-01 9.391369999999999996e-01
1.007156856623164121e+00 9.361660000000000537e-01
1.029202594413900052e+00 9.351279999999999593e-01
1.051730412046940843e+00 9.373340000000000005e-01
1.074752242739242414e+00 9.440960000000000463e-01
1.098277132661993116e+00 9.564190000000000191e-01
1.122316821060050707e+00 9.747810000000000086e-01
1.146883687643933891e+00 9.992440000000000211e-01
1.171988078537265165e+00 1.029789999999999983e+00
1.197640647923590596e+00 1.066410000000000080e+00
1.223856887071053556e+00 1.108714999999999895e+00
1.250645645814651763e+00 1.155631000000000075e+00
1.278020601692099190e+00 1.205845000000000056e+00
1.305994514823037633e+00 1.258864999999999901e+00
1.334582502555725414e+00 1.315844000000000014e+00
1.363795059788775355e+00 1.379383999999999943e+00
1.393646643680787944e+00 1.452104000000000061e+00
1.424152486855072564e+00 1.534188000000000107e+00
1.455324450032890349e+00 1.621024000000000020e+00
1.487179029585939727e+00 1.702916000000000096e+00
1.519733742648287977e+00 1.768477000000000077e+00
1.552997595959721311e+00 1.810454999999999925e+00
1.586991746055928854e+00 1.829728000000000021e+00
1.621728568046108876e+00 1.834055999999999909e+00
1.657226002538870313e+00 1.833315999999999946e+00
1.693503044918474698e+00 1.836127999999999982e+00
1.730570880722132499e+00 1.849428000000000072e+00
1.768449794594556090e+00 1.878390000000000004e+00
1.807161419272292235e+00 1.925078999999999985e+00
1.846718657952616915e+00 1.987443000000000071e+00
1.887141395956233536e+00 2.060999999999999943e+00
1.928446905999783967e+00 2.142434999999999867e+00
1.970660801980119947e+00 2.231759999999999966e+00
2.013794492272063863e+00 2.331144000000000105e+00
2.057875696076454375e+00 2.441634000000000082e+00
2.102921167794182811e+00 2.560124000000000066e+00
2.148947875120341244e+00 2.678694000000000131e+00
2.195987491655247315e+00 2.787576000000000054e+00
2.244054377925685628e+00 2.879658000000000051e+00
2.293172994677545429e+00 2.952078999999999898e+00
2.343369202504593130e+00 3.003493999999999886e+00
2.394664687077192156e+00 3.030663999999999803e+00
2.447081854888045971e+00 3.028823000000000043e+00
2.500643915808320461e+00 2.996361999999999970e+00
2.555381505681890708e+00 2.939440999999999971e+00
2.611313778074887182e+00 2.871440999999999910e+00
2.668474113132628389e+00 2.806811000000000167e+00
2.726883526623927079e+00 2.754096999999999795e+00
2.786570957242854973e+00 2.713030999999999970e+00
2.847566896465314912e+00 2.676368000000000080e+00
2.909895098281706893e+00 2.634241999999999972e+00
2.973597428432943612e+00 2.578602000000000061e+00
3.038682427299522981e+00 2.505921999999999983e+00
3.105194680180473732e+00 2.417641999999999847e+00
3.173162659491088000e+00 2.318732999999999933e+00
3.242626267866870915e+00 2.215651999999999955e+00
3.313595350363004233e+00 2.115399000000000029e+00
3.386134456627003964e+00 2.025180999999999898e+00
3.460243531939777739e+00 1.951189999999999980e+00
3.535992871438371044e+00 1.896729000000000109e+00
3.613382523514086397e+00 1.860910000000000064e+00
3.692475841976804229e+00 1.838746999999999909e+00
3.773300128292204736e+00 1.822685000000000111e+00
3.855897402281920350e+00 1.805109999999999992e+00
3.940296625529969621e+00 1.781088999999999922e+00
4.026542971266589888e+00 1.750062000000000006e+00
4.114684485993613805e+00 1.715449999999999919e+00
4.204754736656211023e+00 1.682544000000000040e+00
4.296787721499407020e+00 1.656165000000000109e+00
4.390837200929101236e+00 1.639162000000000008e+00
4.486960891648868355e+00 1.631918999999999897e+00
4.585157844058781684e+00 1.632632000000000083e+00
4.685530612914259763e+00 1.637966000000000033e+00
4.788102522851219511e+00 1.643807999999999936e+00
4.892894538551115780e+00 1.646109000000000044e+00
