# frequency(Hz) HVamp
2.000000000000000042e-02 1.259808000000000039e+00
2.043777802275861116e-02 1.243673999999999946e+00
2.088513892042544867e-02 1.221838999999999897e+00
2.134229185993890415e-02 1.198930000000000051e+00
2.180945121728470465e-02 1.180285999999999946e+00
2.228683671448790371e-02 1.169561999999999991e+00
2.277467095838639488e-02 1.167184999999999917e+00
2.327318386720582041e-02 1.170995000000000008e+00
2.378260869151607032e-02 1.177666000000000102e+00
2.430318396985316209e-02 1.183192999999999939e+00
2.483515418061077798e-02 1.185051000000000077e+00
2.537876860438217572e-02 1.183766000000000096e+00
2.593428185548686538e-02 1.181742000000000070e+00
2.650195524800330604e-02 1.181162000000000045e+00
2.708205410122367304e-02 1.183132999999999990e+00
2.767485116257483238e-02 1.188242999999999938e+00
2.828062296556268368e-02 1.197200999999999960e+00
2.889965516642458918e-02 1.210590000000000055e+00
2.953223712425469966e-02 1.227883000000000058e+00
3.017866585007221089e-02 1.246693000000000051e+00
3.083924344304486698e-02 1.263906999999999892e+00
3.151428172097601316e-02 1.277922000000000002e+00
3.220409460893151193e-02 1.289244000000000057e+00
3.290900679366954434e-02 1.299085999999999963e+00
3.362935008254323843e-02 1.307643000000000111e+00
3.436545982617606604e-02 1.313274000000000052e+00
3.511768145762538679e-02 1.312656000000000045e+00
3.588636982920923035e-02 1.302175000000000082e+00
3.667188287528685281e-02 1.280480000000000063e+00
3.747459035401046190e-02 1.250164999999999971e+00
3.829486888200696326e-02 1.216409000000000074e+00
3.913310161841203338e-02 1.184423000000000004e+00
3.998968266187323539e-02 1.158485999999999905e+00
4.086501260624340881e-02 1.142180999999999891e+00
4.175950326235679244e-02 1.138492000000000060e+00
4.267357455111880221e-02 1.149116999999999944e+00
4.360765235805109941e-02 1.173049000000000008e+00
4.456217573218773653e-02 1.205878000000000005e+00
4.553759360593897382e-02 1.241443000000000074e+00
4.653436264861679494e-02 1.273881999999999959e+00
4.755294901990994583e-02 1.299006000000000105e+00
4.859383060501651364e-02 1.316429000000000071e+00
4.965749734357217948e-02 1.329247999999999985e+00
5.074444382592605690e-02 1.340711999999999904e+00
5.185518671652646766e-02 1.352565999999999935e+00
5.299023919793973553e-02 1.365388000000000046e+00
5.415013688613103116e-02 1.379637000000000002e+00
5.533542508618215922e-02 1.396436999999999928e+00
5.654665825930951795e-02 1.417869000000000046e+00
5.778440269534190765e-02 1.446058999999999983e+00
5.904923992113619846e-02 1.480607999999999924e+00
6.034176368113722960e-02 1.516706000000000110e+00
6.166257977365023624e-02 1.547468000000000066e+00
6.301230579922413588e-02 1.567808000000000090e+00
6.439157495481964699e-02 1.576338000000000017e+00
6.580103648476649802e-02 1.575954999999999995e+00
6.724135160227064090e-02 1.572003999999999957e+00
6.871319291929786632e-02 1.568699000000000066e+00
7.021724865648072689e-02 1.567255000000000065e+00
7.175422799231455373e-02 1.567272999999999916e+00
7.332484622679873165e-02 1.568696000000000090e+00
7.492985067379918929e-02 1.571023000000000058e+00
7.656998328017844413e-02 1.571741000000000055e+00
7.824601847091161577e-02 1.567180000000000017e+00
7.995873489609482687e-02 1.554405000000000037e+00
8.170894587125514252e-02 1.532340999999999953e+00
8.349746848200181870e-02 1.502169000000000088e+00
8.532513483931059017e-02 1.467427000000000037e+00
8.719280666320453066e-02 1.433367000000000058e+00
8.910136197668877545e-02 1.404698999999999920e+00
9.105169441740208758e-02 1.382827999999999946e+00
9.304472101470850909e-02 1.365452000000000110e+00
9.508136492722282784e-02 1.349774999999999947e+00
9.716259003207046441e-02 1.335620000000000029e+00
9.928937600698042876e-02 1.324807000000000068e+00
1.014627169666056788e-01 1.319039999999999990e+00
1.036836198025345573e-01 1.318886999999999921e+00
1.059531470945422049e-01 1.323631000000000002e+00
1.082723426204657002e-01 1.332098000000000004e+00
1.106423073612318730e-01 1.343680999999999903e+00
1.130641434367904014e-01 1.358103999999999978e+00
1.155389888050807612e-01 1.374308000000000085e+00
1.180680199308263012e-01 1.389982999999999969e+00
1.206523964642573915e-01 1.402153999999999900e+00
1.232933427266421494e-01 1.408492999999999995e+00
1.259921091142061633e-01 1.408797000000000077e+00
1.287499385219043613e-01 1.405586000000000002e+00
1.315681276210838024e-01 1.403162999999999938e+00
1.344480149355610776e-01 1.405569000000000068e+00
1.373909270603933253e-01 1.414749000000000034e+00
1.403982677661723133e-01 1.430225999999999997e+00
1.434714465996406174e-01 1.450031000000000070e+00
1.466118729226930095e-01 1.471649999999999903e+00
1.498210387691902012e-01 1.492644000000000082e+00
1.531004603883944215e-01 1.511106000000000060e+00
1.564516759885790365e-01 1.525773999999999964e+00
1.598762174374112610e-01 1.535889000000000060e+00
1.633757347823671657e-01 1.541554000000000091e+00
1.669518482487836186e-01 1.544326000000000088e+00
1.706062493069121222e-01 1.546831000000000067e+00
1.743406480276755433e-01 1.550901000000000085e+00
1.781567686922972404e-01 1.555595000000000061e+00
1.820564109071452219e-01 1.557215999999999934e+00
1.860414236112984399e-01 1.551846000000000059e+00
1.901136708649468487e-01 1.538243999999999945e+00
1.942750635716576912e-01 1.518831000000000042e+00
1.985275213739692568e-01 1.498213999999999935e+00
2.028730886819132551e-01 1.480391999999999930e+00
2.073137384534022021e-01 1.466887999999999970e+00
2.118516148918974384e-01 1.457103999999999955e+00
2.164888283105038391e-01 1.449926999999999966e+00
2.212275340673810209e-01 1.444636000000000031e+00
2.260699835805370650e-01 1.440423000000000009e+00
2.310183752015635139e-01 1.435837000000000030e+00
2.360751096568884100e-01 1.429456000000000060e+00
2.412425341466744866e-01 1.420971999999999902e+00
2.465230998307618715e-01 1.411221999999999976e+00
2.519191833183147544e-01 1.401305999999999941e+00
2.574334553825345373e-01 1.391974999999999962e+00
2.630683822583526066e-01 1.383618000000000015e+00
2.688266710467492326e-01 1.376560000000000006e+00
2.747110108843249798e-01 1.371293000000000095e+00
2.807241335168895180e-01 1.368289000000000089e+00
2.868688920234096495e-01 1.367625000000000091e+00
2.931481028187655768e-01 1.369042000000000092e+00
2.995647922697904919e-01 1.372481000000000062e+00
3.061219491886544297e-01 1.378516000000000075e+00
3.128225983045015424e-01 1.388141999999999987e+00
3.196699982673885665e-01 1.401704000000000061e+00
3.266672524899394969e-01 1.417578000000000005e+00
3.338175913859038335e-01 1.432121999999999895e+00
3.411245032800827026e-01 1.441645999999999983e+00
3.485912903071751723e-01 1.444722000000000062e+00
3.562216425308692980e-01 1.442873999999999990e+00
3.640189144227933826e-01 1.439472000000000085e+00
3.719868599361595973e-01 1.437853000000000048e+00
3.801292743636255911e-01 1.439631000000000105e+00
3.884498326752345854e-01 1.444002000000000008e+00
3.969526737144291051e-01 1.448504000000000014e+00
4.056414997215270768e-01 1.450816000000000106e+00
4.145204868460213854e-01 1.450177999999999967e+00
4.235940173275368759e-01 1.447419999999999929e+00
4.328659535344370757e-01 1.443888999999999978e+00
4.423408678727827614e-01 1.440366000000000035e+00
4.520233696082087693e-01 1.436841000000000035e+00
4.619176604055267865e-01 1.433349999999999902e+00
4.720285331807737017e-01 1.430954000000000059e+00
4.823605567984378673e-01 1.431707999999999981e+00
4.929189725005434508e-01 1.437861000000000056e+00
5.037085542305222985e-01 1.451246999999999954e+00
5.147340034826902722e-01 1.472857000000000083e+00
5.260010193899755659e-01 1.501978000000000035e+00
5.375147682182568332e-01 1.535341999999999985e+00
5.492803329078241870e-01 1.567650999999999906e+00
5.613033013614973088e-01 1.593869999999999898e+00
5.735898580135665448e-01 1.611647000000000052e+00
5.861448258358571417e-01 1.621823999999999932e+00
5.989749143316128732e-01 1.627350000000000074e+00
6.120861303119130570e-01 1.632168000000000063e+00
6.254839682204105245e-01 1.640560999999999936e+00
6.391749019026319312e-01 1.656166000000000027e+00
6.531657310067570110e-01 1.680331999999999937e+00
6.674631727194452191e-01 1.710633999999999988e+00
6.820728740300071591e-01 1.740899999999999892e+00
6.970030263871405118e-01 1.763671999999999906e+00
7.122593364734473020e-01 1.774092000000000002e+00
7.278502433567288765e-01 1.772280999999999995e+00
7.437819826252529687e-01 1.762194000000000038e+00
7.600626595656545526e-01 1.748239000000000098e+00
7.766996323880640540e-01 1.732637999999999900e+00
7.937005574159013976e-01 1.715176999999999952e+00
8.110740810733430006e-01 1.694933000000000023e+00
8.288272757110509703e-01 1.672061999999999937e+00
8.469695429752346350e-01 1.648066000000000031e+00
8.655086161382736787e-01 1.624554999999999971e+00
8.844540397880493732e-01 1.601812999999999931e+00
9.038134601323364326e-01 1.578484999999999916e+00
9.235972635660274488e-01 1.552777999999999992e+00
9.438138195107080852e-01 1.524273999999999907e+00
9.644726842046378312e-01 1.495046000000000097e+00
9.855838648094324972e-01 1.469448000000000087e+00
1.007156856623164121e+00 1.452577000000000007e+00
1.029202594413900052e+00 1.447874000000000105e+00
1.051730412046940843e+00 1.454987999999999948e+00
1.074752242739242414e+00 1.469322999999999935e+00
1.098277132661993116e+00 1.483864999999999990e+00
1.122316821060050707e+00 1.492488999999999955e+00
1.146883687643933891e+00 1.492671000000000081e+00
1.171988078537265165e+00 1.485729999999999995e+00
1.197640647923590596e+00 1.474744000000000055e+00
1.223856887071053556e+00 1.462355000000000071e+00
1.250645645814651763e+00 1.450163000000000091e+00
1.278020601692099190e+00 1.439443000000000028e+00
1.305994514823037633e+00 1.432155999999999985e+00
1.334582502555725414e+00 1.431551999999999936e+00
1.363795059788775355e+00 1.442042000000000046e+00
1.393646643680787944e+00 1.468501000000000056e+00
1.424152486855072564e+00 1.515493999999999897e+00
1.455324450032890349e+00 1.586730999999999892e+00
1.487179029585939727e+00 1.684423000000000004e+00
1.519733742648287977e+00 1.808067000000000091e+00
1.552997595959721311e+00 1.953143000000000074e+00
1.586991746055928854e+00 2.111129000000000033e+00
1.621728568046108876e+00 2.271714999999999929e+00
1.657226002538870313e+00 2.426032000000000188e+00
1.693503044918474698e+00 2.568404000000000131e+00
1.730570880722132499e+00 2.695689999999999920e+00
1.768449794594556090e+00 2.805864000000000136e+00
1.807161419272292235e+00 2.897661999999999960e+00
1.846718657952616915e+00 2.970838999999999785e+00
1.887141395956233536e+00 3.025758999999999865e+00
1.928446905999783967e+00 3.062587999999999866e+00
1.970660801980119947e+00 3.081154999999999866e+00
2.013794492272063863e+00 3.081469999999999931e+00
2.057875696076454375e+00 3.063772000000000162e+00
2.102921167794182811e+00 3.027861999999999831e+00
2.148947875120341244e+00 2.972812999999999928e+00
2.195987491655247315e+00 2.897850000000000037e+00
2.244054377925685628e+00 2.804199999999999804e+00
2.293172994677545429e+00 2.696673000000000098e+00
2.343369202504593130e+00 2.583305000000000184e+00
2.394664687077192156e+00 2.472678000000000154e+00
2.447081854888045971e+00 2.370709999999999873e+00
2.500643915808320461e+00 2.279043000000000152e+00
2.555381505681890708e+00 2.195739999999999803e+00
2.611313778074887182e+00 2.117621000000000198e+00
2.668474113132628389e+00 2.042914999999999814e+00
2.726883526623927079e+00 1.972269999999999968e+00
2.786570957242854973e+00 1.907394000000000034e+00
2.847566896465314912e+00 1.849396000000000040e+00
2.909895098281706893e+00 1.798593000000000108e+00
2.973597428432943612e+00 1.755061999999999900e+00
3.038682427299522981e+00 1.718685000000000018e+00
3.105194680180473732e+00 1.688598000000000043e+00
3.173162659491088000e+00 1.662632000000000110e+00
3.242626267866870915e+00 1.637512999999999996e+00
3.313595350363004233e+00 1.610044999999999948e+00
3.386134456627003964e+00 1.578632000000000035e+00
3.460243531939777739e+00 1.544297000000000031e+00
3.535992871438371044e+00 1.510610000000000008e+00
3.613382523514086397e+00 1.482207000000000052e+00
3.692475841976804229e+00 1.462555999999999967e+00
3.773300128292204736e+00 1.452288999999999941e+00
3.855897402281920350e+00 1.449024000000000090e+00
3.940296625529969621e+00 1.448698000000000041e+00
4.026542971266589888e+00 1.447651999999999939e+00
4.114684485993613805e+00 1.444339000000000039e+00
4.204754736656211023e+00 1.439848000000000017e+00
4.296787721499407020e+00 1.437152999999999903e+00
4.390837200929101236e+00 1.439634000000000080e+00
4.486960891648868355e+00 1.449689000000000005e+00
4.585157844058781684e+00 1.468005000000000004e+00
4.685530612914259763e+00 1.493657999999999930e+00
4.788102522851219511e+00 1.524634000000000045e+00
4.892894538551115780e+00 1.558257000000000003e+00
