# frequency(Hz) HVamp
2.000000000000000042e-02 1.642922999999999911e+00
2.043777802275861116e-02 1.609015000000000084e+00
2.088513892042544867e-02 1.580381999999999953e+00
2.134229185993890415e-02 1.558829999999999938e+00
2.180945121728470465e-02 1.543700999999999990e+00
2.228683671448790371e-02 1.532413999999999943e+00
2.277467095838639488e-02 1.521379000000000037e+00
2.327318386720582041e-02 1.506963000000000052e+00
2.378260869151607032e-02 1.486858000000000013e+00
2.430318396985316209e-02 1.461602000000000068e+00
2.483515418061077798e-02 1.434239000000000042e+00
2.537876860438217572e-02 1.408849999999999936e+00
2.593428185548686538e-02 1.388989000000000029e+00
2.650195524800330604e-02 1.376162000000000107e+00
2.708205410122367304e-02 1.369024999999999936e+00
2.767485116257483238e-02 1.364389000000000074e+00
2.828062296556268368e-02 1.359850999999999921e+00
2.889965516642458918e-02 1.355474999999999985e+00
2.953223712425469966e-02 1.352808000000000010e+00
3.017866585007221089e-02 1.353140000000000009e+00
3.083924344304486698e-02 1.356686000000000059e+00
3.151428172097601316e-02 1.362813000000000052e+00
3.220409460893151193e-02 1.370702000000000087e+00
3.290900679366954434e-02 1.379634000000000027e+00
3.362935008254323843e-02 1.388605000000000089e+00
3.436545982617606604e-02 1.395699000000000023e+00
3.511768145762538679e-02 1.398091999999999890e+00
3.588636982920923035e-02 1.393313000000000024e+00
3.667188287528685281e-02 1.381429999999999936e+00
3.747459035401046190e-02 1.366236999999999924e+00
3.829486888200696326e-02 1.353982000000000019e+00
3.913310161841203338e-02 1.350624999999999964e+00
3.998968266187323539e-02 1.359720999999999957e+00
4.086501260624340881e-02 1.381488999999999967e+00
4.175950326235679244e-02 1.412822999999999940e+00
4.267357455111880221e-02 1.448514000000000079e+00
4.360765235805109941e-02 1.483422000000000018e+00
4.456217573218773653e-02 1.514013999999999971e+00
4.553759360593897382e-02 1.538070000000000048e+00
4.653436264861679494e-02 1.553409999999999958e+00
4.755294901990994583e-02 1.557406000000000068e+00
4.859383060501651364e-02 1.549196000000000017e+00
4.965749734357217948e-02 1.533023000000000025e+00
5.074444382592605690e-02 1.516804999999999959e+00
5.185518671652646766e-02 1.507430000000000048e+00
5.299023919793973553e-02 1.507676999999999934e+00
5.415013688613103116e-02 1.515627999999999975e+00
5.533542508618215922e-02 1.526081000000000021e+00
5.654665825930951795e-02 1.533096999999999932e+00
5.778440269534190765e-02 1.533074999999999966e+00
5.904923992113619846e-02 1.527444000000000024e+00
6.034176368113722960e-02 1.522901999999999978e+00
6.166257977365023624e-02 1.528108999999999940e+00
6.301230579922413588e-02 1.549612999999999907e+00
6.439157495481964699e-02 1.589124999999999899e+00
6.580103648476649802e-02 1.642571000000000003e+00
6.724135160227064090e-02 1.700779000000000041e+00
6.871319291929786632e-02 1.751190000000000024e+00
7.021724865648072689e-02 1.780909999999999993e+00
7.175422799231455373e-02 1.781072999999999906e+00
7.332484622679873165e-02 1.750456999999999930e+00
7.492985067379918929e-02 1.695718000000000059e+00
7.656998328017844413e-02 1.627804000000000029e+00
7.824601847091161577e-02 1.557406000000000068e+00
7.995873489609482687e-02 1.492243999999999904e+00
8.170894587125514252e-02 1.436736000000000013e+00
8.349746848200181870e-02 1.393127000000000004e+00
8.532513483931059017e-02 1.362165000000000070e+00
8.719280666320453066e-02 1.342502000000000084e+00
8.910136197668877545e-02 1.330128999999999895e+00
9.105169441740208758e-02 1.319477999999999929e+00
9.304472101470850909e-02 1.306308000000000025e+00
9.508136492722282784e-02 1.290127999999999941e+00
9.716259003207046441e-02 1.273773999999999962e+00
9.928937600698042876e-02 1.260925000000000074e+00
1.014627169666056788e-01 1.253489000000000075e+00
1.036836198025345573e-01 1.250358999999999998e+00
1.059531470945422049e-01 1.248361000000000054e+00
1.082723426204657002e-01 1.244583999999999913e+00
1.106423073612318730e-01 1.238088000000000077e+00
1.130641434367904014e-01 1.229937000000000058e+00
1.155389888050807612e-01 1.222034999999999982e+00
1.180680199308263012e-01 1.215926000000000062e+00
1.206523964642573915e-01 1.212213999999999903e+00
1.232933427266421494e-01 1.210498000000000074e+00
1.259921091142061633e-01 1.209424999999999972e+00
1.287499385219043613e-01 1.206955999999999918e+00
1.315681276210838024e-01 1.201370999999999967e+00
1.344480149355610776e-01 1.192890999999999924e+00
1.373909270603933253e-01 1.184517000000000042e+00
1.403982677661723133e-01 1.180900999999999978e+00
1.434714465996406174e-01 1.185718999999999967e+00
1.466118729226930095e-01 1.199367000000000072e+00
1.498210387691902012e-01 1.218739000000000017e+00
1.531004603883944215e-01 1.239127000000000089e+00
1.564516759885790365e-01 1.256734000000000018e+00
1.598762174374112610e-01 1.270165999999999906e+00
1.633757347823671657e-01 1.280021000000000075e+00
1.669518482487836186e-01 1.287393999999999927e+00
1.706062493069121222e-01 1.293039999999999967e+00
1.743406480276755433e-01 1.297786000000000106e+00
1.781567686922972404e-01 1.303207999999999922e+00
1.820564109071452219e-01 1.311247000000000051e+00
1.860414236112984399e-01 1.322797999999999918e+00
1.901136708649468487e-01 1.336954999999999893e+00
1.942750635716576912e-01 1.351839000000000013e+00
1.985275213739692568e-01 1.366181000000000090e+00
2.028730886819132551e-01 1.380112000000000005e+00
2.073137384534022021e-01 1.394392999999999994e+00
2.118516148918974384e-01 1.409256999999999982e+00
2.164888283105038391e-01 1.424274999999999958e+00
2.212275340673810209e-01 1.439103999999999939e+00
2.260699835805370650e-01 1.454007000000000049e+00
2.310183752015635139e-01 1.469635000000000025e+00
2.360751096568884100e-01 1.486614000000000102e+00
2.412425341466744866e-01 1.505490999999999913e+00
2.465230998307618715e-01 1.526882999999999990e+00
2.519191833183147544e-01 1.551420999999999939e+00
2.574334553825345373e-01 1.579302999999999901e+00
2.630683822583526066e-01 1.609528000000000070e+00
2.688266710467492326e-01 1.639799999999999924e+00
2.747110108843249798e-01 1.667702000000000018e+00
2.807241335168895180e-01 1.691581000000000001e+00
2.868688920234096495e-01 1.710383999999999904e+00
2.931481028187655768e-01 1.724012000000000100e+00
2.995647922697904919e-01 1.734385000000000066e+00
3.061219491886544297e-01 1.745408000000000071e+00
3.128225983045015424e-01 1.761436999999999919e+00
3.196699982673885665e-01 1.785268000000000077e+00
3.266672524899394969e-01 1.816737000000000046e+00
3.338175913859038335e-01 1.852996000000000087e+00
3.411245032800827026e-01 1.890749000000000013e+00
3.485912903071751723e-01 1.929100999999999955e+00
3.562216425308692980e-01 1.970290000000000097e+00
3.640189144227933826e-01 2.017282999999999937e+00
3.719868599361595973e-01 2.070940999999999921e+00
3.801292743636255911e-01 2.129608999999999863e+00
3.884498326752345854e-01 2.190439000000000025e+00
3.969526737144291051e-01 2.250510999999999928e+00
4.056414997215270768e-01 2.307713999999999821e+00
4.145204868460213854e-01 2.361575999999999897e+00
4.235940173275368759e-01 2.413456000000000046e+00
4.328659535344370757e-01 2.465991999999999962e+00
4.423408678727827614e-01 2.521612999999999882e+00
4.520233696082087693e-01 2.580508000000000024e+00
4.619176604055267865e-01 2.640102000000000171e+00
4.720285331807737017e-01 2.697182000000000190e+00
4.823605567984378673e-01 2.751076999999999995e+00
4.929189725005434508e-01 2.805435000000000123e+00
5.037085542305222985e-01 2.866709000000000174e+00
5.147340034826902722e-01 2.939630999999999883e+00
5.260010193899755659e-01 3.023155000000000037e+00
5.375147682182568332e-01 3.109919999999999796e+00
5.492803329078241870e-01 3.189814000000000149e+00
5.613033013614973088e-01 3.255654999999999966e+00
5.735898580135665448e-01 3.306265999999999927e+00
5.861448258358571417e-01 3.344073999999999991e+00
5.989749143316128732e-01 3.370652999999999899e+00
6.120861303119130570e-01 3.384767000000000081e+00
6.254839682204105245e-01 3.383801000000000059e+00
6.391749019026319312e-01 3.366925999999999863e+00
6.531657310067570110e-01 3.336987999999999843e+00
6.674631727194452191e-01 3.299167999999999878e+00
6.820728740300071591e-01 3.257611999999999952e+00
6.970030263871405118e-01 3.213674000000000142e+00
7.122593364734473020e-01 3.167469999999999786e+00
7.278502433567288765e-01 3.120017999999999958e+00
7.437819826252529687e-01 3.073428999999999967e+00
7.600626595656545526e-01 3.029854999999999965e+00
7.766996323880640540e-01 2.990301999999999794e+00
7.937005574159013976e-01 2.953780000000000072e+00
8.110740810733430006e-01 2.917660000000000142e+00
8.288272757110509703e-01 2.879074999999999829e+00
8.469695429752346350e-01 2.835926999999999865e+00
8.655086161382736787e-01 2.786899000000000015e+00
8.844540397880493732e-01 2.731187999999999949e+00
9.038134601323364326e-01 2.668797000000000086e+00
9.235972635660274488e-01 2.601103000000000165e+00
9.438138195107080852e-01 2.530768999999999824e+00
9.644726842046378312e-01 2.460965999999999987e+00
9.855838648094324972e-01 2.394572999999999841e+00
1.007156856623164121e+00 2.333706999999999976e+00
1.029202594413900052e+00 2.279510999999999843e+00
1.051730412046940843e+00 2.231956999999999969e+00
1.074752242739242414e+00 2.189740000000000020e+00
1.098277132661993116e+00 2.150348999999999844e+00
1.122316821060050707e+00 2.110704000000000136e+00
1.146883687643933891e+00 2.068423000000000123e+00
1.171988078537265165e+00 2.022832999999999881e+00
1.197640647923590596e+00 1.974973000000000090e+00
1.223856887071053556e+00 1.926835000000000075e+00
1.250645645814651763e+00 1.880436999999999914e+00
1.278020601692099190e+00 1.837129999999999930e+00
1.305994514823037633e+00 1.797330000000000094e+00
1.334582502555725414e+00 1.760644000000000098e+00
1.363795059788775355e+00 1.726040999999999936e+00
1.393646643680787944e+00 1.692225000000000090e+00
1.424152486855072564e+00 1.658646999999999982e+00
1.455324450032890349e+00 1.626670999999999978e+00
1.487179029585939727e+00 1.599631000000000025e+00
1.519733742648287977e+00 1.581304000000000043e+00
1.552997595959721311e+00 1.573885999999999896e+00
1.586991746055928854e+00 1.576886999999999928e+00
1.621728568046108876e+00 1.587428999999999979e+00
1.657226002538870313e+00 1.601534999999999931e+00
1.693503044918474698e+00 1.615496999999999961e+00
1.730570880722132499e+00 1.626708999999999961e+00
1.768449794594556090e+00 1.633756999999999904e+00
1.807161419272292235e+00 1.636065000000000103e+00
1.846718657952616915e+00 1.633650999999999964e+00
1.887141395956233536e+00 1.627294999999999936e+00
1.928446905999783967e+00 1.618670999999999971e+00
1.970660801980119947e+00 1.609798000000000062e+00
2.013794492272063863e+00 1.602232000000000101e+00
2.057875696076454375e+00 1.596799999999999997e+00
2.102921167794182811e+00 1.593803000000000081e+00
2.148947875120341244e+00 1.593194999999999917e+00
2.195987491655247315e+00 1.594457000000000013e+00
2.244054377925685628e+00 1.596330000000000027e+00
2.293172994677545429e+00 1.596826999999999996e+00
2.343369202504593130e+00 1.593949999999999978e+00
2.394664687077192156e+00 1.586902999999999953e+00
2.447081854888045971e+00 1.576705999999999941e+00
2.500643915808320461e+00 1.565438000000000107e+00
2.555381505681890708e+00 1.554799000000000042e+00
2.611313778074887182e+00 1.544961000000000029e+00
2.668474113132628389e+00 1.534235999999999933e+00
2.726883526623927079e+00 1.519802000000000097e+00
2.786570957242854973e+00 1.499308000000000085e+00
2.847566896465314912e+00 1.472474000000000061e+00
2.909895098281706893e+00 1.441705999999999932e+00
2.973597428432943612e+00 1.411313999999999957e+00
3.038682427299522981e+00 1.385890999999999984e+00
3.105194680180473732e+00 1.368916000000000022e+00
3.173162659491088000e+00 1.362031999999999909e+00
3.242626267866870915e+00 1.364878999999999953e+00
3.313595350363004233e+00 1.375226000000000059e+00
3.386134456627003964e+00 1.389362999999999904e+00
3.460243531939777739e+00 1.403053000000000106e+00
3.535992871438371044e+00 1.413003999999999927e+00
3.613382523514086397e+00 1.417874000000000079e+00
3.692475841976804229e+00 1.417982000000000076e+00
3.773300128292204736e+00 1.414317999999999964e+00
3.855897402281920350e+00 1.407906000000000102e+00
3.940296625529969621e+00 1.399661000000000044e+00
4.026542971266589888e+00 1.390565999999999969e+00
4.114684485993613805e+00 1.381965000000000110e+00
4.204754736656211023e+00 1.375583999999999918e+00
4.296787721499407020e+00 1.373205999999999927e+00
4.390837200929101236e+00 1.376316000000000095e+00
4.486960891648868355e+00 1.385823000000000027e+00
4.585157844058781684e+00 1.401971999999999996e+00
4.685530612914259763e+00 1.424609999999999932e+00
4.788102522851219511e+00 1.453594000000000053e+00
4.892894538551115780e+00 1.488806999999999992e+00
