# frequency(Hz) HVamp
2.000000000000000042e-02 8.464409999999999989e-01
2.043777802275861116e-02 8.735129999999999839e-01
2.088513892042544867e-02 8.962189999999999879e-01
2.134229185993890415e-02 9.057380000000000431e-01
2.180945121728470465e-02 8.971630000000000438e-01
2.228683671448790371e-02 8.707319999999999505e-01
2.277467095838639488e-02 8.300480000000000080e-01
2.327318386720582041e-02 7.792069999999999830e-01
2.378260869151607032e-02 7.223650000000000349e-01
2.430318396985316209e-02 6.647279999999999855e-01
2.483515418061077798e-02 6.135829999999999895e-01
2.537876860438217572e-02 5.777600000000000513e-01
2.593428185548686538e-02 5.652099999999999902e-01
2.650195524800330604e-02 5.798290000000000388e-01
2.708205410122367304e-02 6.192760000000000487e-01
2.767485116257483238e-02 6.755349999999999966e-01
2.828062296556268368e-02 7.389139999999999597e-01
2.889965516642458918e-02 8.029039999999999511e-01
2.953223712425469966e-02 8.661470000000000002e-01
3.017866585007221089e-02 9.299739999999999673e-01
3.083924344304486698e-02 9.940379999999999772e-01
3.151428172097601316e-02 1.054605999999999932e+00
3.220409460893151193e-02 1.107685000000000031e+00
3.290900679366954434e-02 1.153942000000000023e+00
3.362935008254323843e-02 1.198946000000000067e+00
3.436545982617606604e-02 1.247757000000000005e+00
3.511768145762538679e-02 1.299806000000000017e+00
3.588636982920923035e-02 1.348805000000000032e+00
3.667188287528685281e-02 1.387103999999999893e+00
3.747459035401046190e-02 1.411183999999999994e+00
3.829486888200696326e-02 1.424436000000000035e+00
3.913310161841203338e-02 1.435062000000000060e+00
3.998968266187323539e-02 1.451516999999999946e+00
4.086501260624340881e-02 1.478728999999999960e+00
4.175950326235679244e-02 1.515940999999999983e+00
4.267357455111880221e-02 1.556643999999999917e+00
4.360765235805109941e-02 1.591237000000000013e+00
4.456217573218773653e-02 1.611099999999999977e+00
4.553759360593897382e-02 1.610935999999999924e+00
4.653436264861679494e-02 1.588939000000000101e+00
4.755294901990994583e-02 1.548014000000000001e+00
4.859383060501651364e-02 1.497457999999999956e+00
4.965749734357217948e-02 1.450132999999999894e+00
5.074444382592605690e-02 1.415785999999999989e+00
5.185518671652646766e-02 1.396933999999999898e+00
5.299023919793973553e-02 1.389613999999999905e+00
5.415013688613103116e-02 1.386433999999999944e+00
5.533542508618215922e-02 1.379517000000000104e+00
5.654665825930951795e-02 1.362905999999999951e+00
5.778440269534190765e-02 1.334597000000000033e+00
5.904923992113619846e-02 1.297617999999999938e+00
6.034176368113722960e-02 1.258761999999999937e+00
6.166257977365023624e-02 1.225241000000000025e+00
6.301230579922413588e-02 1.201753999999999989e+00
6.439157495481964699e-02 1.189059000000000088e+00
6.580103648476649802e-02 1.183777999999999997e+00
6.724135160227064090e-02 1.179591000000000056e+00
6.871319291929786632e-02 1.169607999999999981e+00
7.021724865648072689e-02 1.148822999999999928e+00
7.175422799231455373e-02 1.116093000000000002e+00
7.332484622679873165e-02 1.074991999999999948e+00
7.492985067379918929e-02 1.032237000000000071e+00
7.656998328017844413e-02 9.942779999999999951e-01
7.824601847091161577e-02 9.644599999999999840e-01
7.995873489609482687e-02 9.424979999999999469e-01
8.170894587125514252e-02 9.261040000000000383e-01
8.349746848200181870e-02 9.130340000000000122e-01
8.532513483931059017e-02 9.019829999999999792e-01
8.719280666320453066e-02 8.922959999999999781e-01
8.910136197668877545e-02 8.837850000000000428e-01
9.105169441740208758e-02 8.770879999999999788e-01
9.304472101470850909e-02 8.738780000000000436e-01
9.508136492722282784e-02 8.769719999999999738e-01
9.716259003207046441e-02 8.901860000000000328e-01
9.928937600698042876e-02 9.167070000000000496e-01
1.014627169666056788e-01 9.563789999999999791e-01
1.036836198025345573e-01 1.004399000000000042e+00
1.059531470945422049e-01 1.052828000000000097e+00
1.082723426204657002e-01 1.094033000000000033e+00
1.106423073612318730e-01 1.124039999999999928e+00
1.130641434367904014e-01 1.143659999999999899e+00
1.155389888050807612e-01 1.156946999999999948e+00
1.180680199308263012e-01 1.168374999999999941e+00
1.206523964642573915e-01 1.180277999999999938e+00
1.232933427266421494e-01 1.191810000000000036e+00
1.259921091142061633e-01 1.200215999999999950e+00
1.287499385219043613e-01 1.203005000000000102e+00
1.315681276210838024e-01 1.198963000000000001e+00
1.344480149355610776e-01 1.187594999999999956e+00
1.373909270603933253e-01 1.168114000000000097e+00
1.403982677661723133e-01 1.139448999999999934e+00
1.434714465996406174e-01 1.101739999999999942e+00
1.466118729226930095e-01 1.057746999999999993e+00
1.498210387691902012e-01 1.012755000000000072e+00
1.531004603883944215e-01 9.733559999999999990e-01
1.564516759885790365e-01 9.458659999999999846e-01
1.598762174374112610e-01 9.339899999999999869e-01
1.633757347823671657e-01 9.359899999999999887e-01
1.669518482487836186e-01 9.439309999999999645e-01
1.706062493069121222e-01 9.472369999999999957e-01
1.743406480276755433e-01 9.389210000000000056e-01
1.781567686922972404e-01 9.196569999999999467e-01
1.820564109071452219e-01 8.966439999999999966e-01
1.860414236112984399e-01 8.785420000000000451e-01
1.901136708649468487e-01 8.712229999999999697e-01
1.942750635716576912e-01 8.769590000000000440e-01
1.985275213739692568e-01 8.952510000000000190e-01
2.028730886819132551e-01 9.230329999999999924e-01
2.073137384534022021e-01 9.549579999999999735e-01
2.118516148918974384e-01 9.847609999999999975e-01
2.164888283105038391e-01 1.007009000000000043e+00
2.212275340673810209e-01 1.018532999999999911e+00
2.260699835805370650e-01 1.018923000000000023e+00
2.310183752015635139e-01 1.009279999999999955e+00
2.360751096568884100e-01 9.903980000000000006e-01
2.412425341466744866e-01 9.626080000000000192e-01
2.465230998307618715e-01 9.273120000000000251e-01
2.519191833183147544e-01 8.883729999999999682e-01
2.574334553825345373e-01 8.515359999999999596e-01
2.630683822583526066e-01 8.217510000000000092e-01
2.688266710467492326e-01 8.004829999999999446e-01
2.747110108843249798e-01 7.855560000000000320e-01
2.807241335168895180e-01 7.736119999999999663e-01
2.868688920234096495e-01 7.626300000000000301e-01
2.931481028187655768e-01 7.522699999999999942e-01
2.995647922697904919e-01 7.427839999999999998e-01
3.061219491886544297e-01 7.343899999999999872e-01
3.128225983045015424e-01 7.273509999999999698e-01
3.196699982673885665e-01 7.216270000000000184e-01
3.266672524899394969e-01 7.159389999999999921e-01
3.338175913859038335e-01 7.074589999999999490e-01
3.411245032800827026e-01 6.929610000000000491e-01
3.485912903071751723e-01 6.709300000000000264e-01
3.562216425308692980e-01 6.431139999999999635e-01
3.640189144227933826e-01 6.138949999999999685e-01
3.719868599361595973e-01 5.878440000000000332e-01
3.801292743636255911e-01 5.674460000000000059e-01
3.884498326752345854e-01 5.525719999999999521e-01
3.969526737144291051e-01 5.415750000000000286e-01
4.056414997215270768e-01 5.327239999999999753e-01
4.145204868460213854e-01 5.248540000000000427e-01
4.235940173275368759e-01 5.172010000000000218e-01
4.328659535344370757e-01 5.090360000000000440e-01
4.423408678727827614e-01 4.997070000000000123e-01
4.520233696082087693e-01 4.891809999999999770e-01
4.619176604055267865e-01 4.782879999999999909e-01
4.720285331807737017e-01 4.682560000000000056e-01
4.823605567984378673e-01 4.602089999999999792e-01
4.929189725005434508e-01 4.549650000000000083e-01
5.037085542305222985e-01 4.526709999999999900e-01
5.147340034826902722e-01 4.521680000000000144e-01
5.260010193899755659e-01 4.509500000000000175e-01
5.375147682182568332e-01 4.463849999999999763e-01
5.492803329078241870e-01 4.376200000000000090e-01
5.613033013614973088e-01 4.267449999999999855e-01
5.735898580135665448e-01 4.179510000000000169e-01
5.861448258358571417e-01 4.148439999999999905e-01
5.989749143316128732e-01 4.178069999999999840e-01
6.120861303119130570e-01 4.233120000000000216e-01
6.254839682204105245e-01 4.258120000000000238e-01
6.391749019026319312e-01 4.211320000000000063e-01
6.531657310067570110e-01 4.088089999999999780e-01
6.674631727194452191e-01 3.917019999999999946e-01
6.820728740300071591e-01 3.741309999999999913e-01
6.970030263871405118e-01 3.605949999999999989e-01
7.122593364734473020e-01 3.552159999999999762e-01
7.278502433567288765e-01 3.608120000000000216e-01
7.437819826252529687e-01 3.774359999999999937e-01
7.600626595656545526e-01 4.017939999999999845e-01
7.766996323880640540e-01 4.285249999999999893e-01
7.937005574159013976e-01 4.521959999999999869e-01
8.110740810733430006e-01 4.686199999999999810e-01
8.288272757110509703e-01 4.761199999999999877e-01
8.469695429752346350e-01 4.771810000000000218e-01
8.655086161382736787e-01 4.786770000000000191e-01
8.844540397880493732e-01 4.889689999999999870e-01
9.038134601323364326e-01 5.133510000000000018e-01
9.235972635660274488e-01 5.514550000000000285e-01
9.438138195107080852e-01 5.989400000000000279e-01
9.644726842046378312e-01 6.519789999999999752e-01
9.855838648094324972e-01 7.097809999999999953e-01
1.007156856623164121e+00 7.725889999999999702e-01
1.029202594413900052e+00 8.378330000000000499e-01
1.051730412046940843e+00 8.984119999999999884e-01
1.074752242739242414e+00 9.448969999999999869e-01
1.098277132661993116e+00 9.702290000000000081e-01
1.122316821060050707e+00 9.732629999999999892e-01
1.146883687643933891e+00 9.587639999999999496e-01
1.171988078537265165e+00 9.348049999999999971e-01
1.197640647923590596e+00 9.098439999999999861e-01
1.223856887071053556e+00 8.909569999999999990e-01
1.250645645814651763e+00 8.832480000000000331e-01
1.278020601692099190e+00 8.896370000000000111e-01
1.305994514823037633e+00 9.106349999999999723e-01
1.334582502555725414e+00 9.444869999999999655e-01
1.363795059788775355e+00 9.879149999999999876e-01
1.393646643680787944e+00 1.036953000000000014e+00
1.424152486855072564e+00 1.087722000000000078e+00
1.455324450032890349e+00 1.137339000000000100e+00
1.487179029585939727e+00 1.184536000000000033e+00
1.519733742648287977e+00 1.229257000000000044e+00
1.552997595959721311e+00 1.271290000000000031e+00
1.586991746055928854e+00 1.309106000000000103e+00
1.621728568046108876e+00 1.340036000000000005e+00
1.657226002538870313e+00 1.361466000000000065e+00
1.693503044918474698e+00 1.371783999999999892e+00
1.730570880722132499e+00 1.370583000000000107e+00
1.768449794594556090e+00 1.358637000000000095e+00
1.807161419272292235e+00 1.338006000000000029e+00
1.846718657952616915e+00 1.311974999999999891e+00
1.887141395956233536e+00 1.284648999999999930e+00
1.928446905999783967e+00 1.260113999999999956e+00
1.970660801980119947e+00 1.241209000000000007e+00
2.013794492272063863e+00 1.228482000000000074e+00
2.057875696076454375e+00 1.219975000000000032e+00
2.102921167794182811e+00 1.212105999999999906e+00
2.148947875120341244e+00 1.201303999999999927e+00
2.195987491655247315e+00 1.185465999999999909e+00
2.244054377925685628e+00 1.164487999999999968e+00
2.293172994677545429e+00 1.139877000000000029e+00
2.343369202504593130e+00 1.113631999999999955e+00
2.394664687077192156e+00 1.086918000000000051e+00
2.447081854888045971e+00 1.059574999999999934e+00
2.500643915808320461e+00 1.030829999999999913e+00
2.555381505681890708e+00 1.000463000000000102e+00
2.611313778074887182e+00 9.693699999999999539e-01
2.668474113132628389e+00 9.393340000000000023e-01
2.726883526623927079e+00 9.123719999999999608e-01
2.786570957242854973e+00 8.901059999999999528e-01
2.847566896465314912e+00 8.733239999999999892e-01
2.909895098281706893e+00 8.619510000000000227e-01
2.973597428432943612e+00 8.552950000000000275e-01
3.038682427299522981e+00 8.520969999999999933e-01
3.105194680180473732e+00 8.504749999999999810e-01
3.173162659491088000e+00 8.482549999999999812e-01
3.242626267866870915e+00 8.437540000000000040e-01
3.313595350363004233e+00 8.364470000000000516e-01
3.386134456627003964e+00 8.271349999999999536e-01
3.460243531939777739e+00 8.175630000000000397e-01
3.535992871438371044e+00 8.097649999999999570e-01
3.613382523514086397e+00 8.053820000000000423e-01
3.692475841976804229e+00 8.050979999999999803e-01
3.773300128292204736e+00 8.083700000000000330e-01
3.855897402281920350e+00 8.135919999999999819e-01
3.940296625529969621e+00 8.186430000000000096e-01
4.026542971266589888e+00 8.217780000000000085e-01
4.114684485993613805e+00 8.224270000000000191e-01
4.204754736656211023e+00 8.213690000000000158e-01
4.296787721499407020e+00 8.202070000000000194e-01
4.390837200929101236e+00 8.204540000000000166e-01
4.486960891648868355e+00 8.227010000000000156e-01
4.585157844058781684e+00 8.262760000000000105e-01
4.685530612914259763e+00 8.295090000000000519e-01
4.788102522851219511e+00 8.303350000000000453e-01
4.892894538551115780e+00 8.270199999999999774e-01
