# frequency(Hz) HVamp
2.000000000000000042e-02 8.540529999999999511e-01
2.043777802275861116e-02 8.502809999999999535e-01
2.088513892042544867e-02 8.601480000000000237e-01
2.134229185993890415e-02 8.775269999999999460e-01
2.180945121728470465e-02 8.968260000000000121e-01
2.228683671448790371e-02 9.153890000000000082e-01
2.277467095838639488e-02 9.331970000000000542e-01
2.327318386720582041e-02 9.514669999999999517e-01
2.378260869151607032e-02 9.716580000000000217e-01
2.430318396985316209e-02 9.944260000000000321e-01
2.483515418061077798e-02 1.019662000000000068e+00
2.537876860438217572e-02 1.047506999999999966e+00
2.593428185548686538e-02 1.078835999999999906e+00
2.650195524800330604e-02 1.114395999999999942e+00
2.708205410122367304e-02 1.153515000000000068e+00
2.767485116257483238e-02 1.193225999999999898e+00
2.828062296556268368e-02 1.228583999999999898e+00
2.889965516642458918e-02 1.254639999999999977e+00
2.953223712425469966e-02 1.269555999999999907e+00
3.017866585007221089e-02 1.276202000000000059e+00
3.083924344304486698e-02 1.280605999999999911e+00
3.151428172097601316e-02 1.288920999999999983e+00
3.220409460893151193e-02 1.305266000000000037e+00
3.290900679366954434e-02 1.331145999999999940e+00
3.362935008254323843e-02 1.365620000000000056e+00
3.436545982617606604e-02 1.405380000000000074e+00
3.511768145762538679e-02 1.444641000000000064e+00
3.588636982920923035e-02 1.476056000000000035e+00
3.667188287528685281e-02 1.493503000000000025e+00
3.747459035401046190e-02 1.495837000000000083e+00
3.829486888200696326e-02 1.488494999999999902e+00
3.913310161841203338e-02 1.480407999999999946e+00
3.998968266187323539e-02 1.478946000000000094e+00
4.086501260624340881e-02 1.486772999999999900e+00
4.175950326235679244e-02 1.501166999999999918e+00
4.267357455111880221e-02 1.515500000000000069e+00
4.360765235805109941e-02 1.522999999999999909e+00
4.456217573218773653e-02 1.520949000000000106e+00
4.553759360593897382e-02 1.511754000000000042e+00
4.653436264861679494e-02 1.500318000000000040e+00
4.755294901990994583e-02 1.490590000000000082e+00
4.859383060501651364e-02 1.484318000000000026e+00
4.965749734357217948e-02 1.482304999999999984e+00
5.074444382592605690e-02 1.485057000000000071e+00
5.185518671652646766e-02 1.492294999999999927e+00
5.299023919793973553e-02 1.502401000000000098e+00
5.415013688613103116e-02 1.511906999999999890e+00
5.533542508618215922e-02 1.515767000000000087e+00
5.654665825930951795e-02 1.508706000000000103e+00
5.778440269534190765e-02 1.487222000000000044e+00
5.904923992113619846e-02 1.451276000000000010e+00
6.034176368113722960e-02 1.404558999999999891e+00
6.166257977365023624e-02 1.353277999999999981e+00
6.301230579922413588e-02 1.304521000000000042e+00
6.439157495481964699e-02 1.264138999999999902e+00
6.580103648476649802e-02 1.234887999999999986e+00
6.724135160227064090e-02 1.216120000000000090e+00
6.871319291929786632e-02 1.204536999999999969e+00
7.021724865648072689e-02 1.195173999999999959e+00
7.175422799231455373e-02 1.182960999999999929e+00
7.332484622679873165e-02 1.164806000000000008e+00
7.492985067379918929e-02 1.140543000000000085e+00
7.656998328017844413e-02 1.111801999999999957e+00
7.824601847091161577e-02 1.080432000000000059e+00
7.995873489609482687e-02 1.048453000000000079e+00
8.170894587125514252e-02 1.018806000000000100e+00
8.349746848200181870e-02 9.950590000000000268e-01
8.532513483931059017e-02 9.797770000000000090e-01
8.719280666320453066e-02 9.731370000000000298e-01
8.910136197668877545e-02 9.734439999999999760e-01
9.105169441740208758e-02 9.787310000000000176e-01
9.304472101470850909e-02 9.877209999999999601e-01
9.508136492722282784e-02 1.000237000000000043e+00
9.716259003207046441e-02 1.017395999999999967e+00
9.928937600698042876e-02 1.041050000000000031e+00
1.014627169666056788e-01 1.072375999999999996e+00
1.036836198025345573e-01 1.110824000000000034e+00
1.059531470945422049e-01 1.154225999999999974e+00
1.082723426204657002e-01 1.199756000000000045e+00
1.106423073612318730e-01 1.245160000000000045e+00
1.130641434367904014e-01 1.289595999999999965e+00
1.155389888050807612e-01 1.333428000000000058e+00
1.180680199308263012e-01 1.377010999999999985e+00
1.206523964642573915e-01 1.419373999999999914e+00
1.232933427266421494e-01 1.458188000000000040e+00
1.259921091142061633e-01 1.491421000000000108e+00
1.287499385219043613e-01 1.518764999999999921e+00
1.315681276210838024e-01 1.541085999999999956e+00
1.344480149355610776e-01 1.558480000000000087e+00
1.373909270603933253e-01 1.568991999999999942e+00
1.403982677661723133e-01 1.569552000000000058e+00
1.434714465996406174e-01 1.558783000000000030e+00
1.466118729226930095e-01 1.539268999999999998e+00
1.498210387691902012e-01 1.517433999999999950e+00
1.531004603883944215e-01 1.501633999999999913e+00
1.564516759885790365e-01 1.499619000000000035e+00
1.598762174374112610e-01 1.515431999999999890e+00
1.633757347823671657e-01 1.546291000000000082e+00
1.669518482487836186e-01 1.581828999999999930e+00
1.706062493069121222e-01 1.607874000000000025e+00
1.743406480276755433e-01 1.613730000000000109e+00
1.781567686922972404e-01 1.598362000000000060e+00
1.820564109071452219e-01 1.570743000000000000e+00
1.860414236112984399e-01 1.543892999999999960e+00
1.901136708649468487e-01 1.528019999999999934e+00
1.942750635716576912e-01 1.527520999999999907e+00
1.985275213739692568e-01 1.541336000000000039e+00
2.028730886819132551e-01 1.564616000000000007e+00
2.073137384534022021e-01 1.591274000000000077e+00
2.118516148918974384e-01 1.616379999999999928e+00
2.164888283105038391e-01 1.637056000000000067e+00
2.212275340673810209e-01 1.652298000000000044e+00
2.260699835805370650e-01 1.662436999999999943e+00
2.310183752015635139e-01 1.667850000000000055e+00
2.360751096568884100e-01 1.667718000000000034e+00
2.412425341466744866e-01 1.660450999999999899e+00
2.465230998307618715e-01 1.645499999999999963e+00
2.519191833183147544e-01 1.624884999999999913e+00
2.574334553825345373e-01 1.603034000000000070e+00
2.630683822583526066e-01 1.584751999999999938e+00
2.688266710467492326e-01 1.572737000000000052e+00
2.747110108843249798e-01 1.566589999999999927e+00
2.807241335168895180e-01 1.563920999999999895e+00
2.868688920234096495e-01 1.562141999999999920e+00
2.931481028187655768e-01 1.559139999999999970e+00
2.995647922697904919e-01 1.553245999999999905e+00
3.061219491886544297e-01 1.543821000000000110e+00
3.128225983045015424e-01 1.531897999999999982e+00
3.196699982673885665e-01 1.519282999999999939e+00
3.266672524899394969e-01 1.506437000000000026e+00
3.338175913859038335e-01 1.491271999999999931e+00
3.411245032800827026e-01 1.470018000000000047e+00
3.485912903071751723e-01 1.439559999999999951e+00
3.562216425308692980e-01 1.399937999999999905e+00
3.640189144227933826e-01 1.355083999999999955e+00
3.719868599361595973e-01 1.311040999999999901e+00
3.801292743636255911e-01 1.273266999999999927e+00
3.884498326752345854e-01 1.244995999999999992e+00
3.969526737144291051e-01 1.226979000000000042e+00
4.056414997215270768e-01 1.217831000000000108e+00
4.145204868460213854e-01 1.214431999999999956e+00
4.235940173275368759e-01 1.212534999999999918e+00
4.328659535344370757e-01 1.207891000000000048e+00
4.423408678727827614e-01 1.197851999999999917e+00
4.520233696082087693e-01 1.182528999999999941e+00
4.619176604055267865e-01 1.164241000000000081e+00
4.720285331807737017e-01 1.145669999999999966e+00
4.823605567984378673e-01 1.128719000000000028e+00
4.929189725005434508e-01 1.114622999999999919e+00
5.037085542305222985e-01 1.103947999999999929e+00
5.147340034826902722e-01 1.095836999999999950e+00
5.260010193899755659e-01 1.087741000000000069e+00
5.375147682182568332e-01 1.076753999999999989e+00
5.492803329078241870e-01 1.061795999999999962e+00
5.613033013614973088e-01 1.044782000000000100e+00
5.735898580135665448e-01 1.029657000000000044e+00
5.861448258358571417e-01 1.019806999999999908e+00
5.989749143316128732e-01 1.015735000000000054e+00
6.120861303119130570e-01 1.014852000000000087e+00
6.254839682204105245e-01 1.013803999999999927e+00
6.391749019026319312e-01 1.011500000000000066e+00
6.531657310067570110e-01 1.010042000000000106e+00
6.674631727194452191e-01 1.012769999999999948e+00
6.820728740300071591e-01 1.021647999999999890e+00
6.970030263871405118e-01 1.036324000000000023e+00
7.122593364734473020e-01 1.054926999999999948e+00
7.278502433567288765e-01 1.075272000000000006e+00
7.437819826252529687e-01 1.095396999999999954e+00
7.600626595656545526e-01 1.113585000000000047e+00
7.766996323880640540e-01 1.128438000000000052e+00
7.937005574159013976e-01 1.138730999999999938e+00
8.110740810733430006e-01 1.142900000000000027e+00
8.288272757110509703e-01 1.139518000000000031e+00
8.469695429752346350e-01 1.129485000000000072e+00
8.655086161382736787e-01 1.117901000000000034e+00
8.844540397880493732e-01 1.112980999999999998e+00
9.038134601323364326e-01 1.122306999999999944e+00
9.235972635660274488e-01 1.149337000000000053e+00
9.438138195107080852e-01 1.192944999999999922e+00
9.644726842046378312e-01 1.249848999999999988e+00
9.855838648094324972e-01 1.316381999999999941e+00
1.007156856623164121e+00 1.387551999999999897e+00
1.029202594413900052e+00 1.455608999999999931e+00
1.051730412046940843e+00 1.510869999999999935e+00
1.074752242739242414e+00 1.544926999999999939e+00
1.098277132661993116e+00 1.554173000000000027e+00
1.122316821060050707e+00 1.541080000000000005e+00
1.146883687643933891e+00 1.512577999999999978e+00
1.171988078537265165e+00 1.477203000000000044e+00
1.197640647923590596e+00 1.442849999999999966e+00
1.223856887071053556e+00 1.415845000000000020e+00
1.250645645814651763e+00 1.400940999999999992e+00
1.278020601692099190e+00 1.401353999999999989e+00
1.305994514823037633e+00 1.418403999999999998e+00
1.334582502555725414e+00 1.451116999999999990e+00
1.363795059788775355e+00 1.496151999999999926e+00
1.393646643680787944e+00 1.547882999999999898e+00
1.424152486855072564e+00 1.598808999999999925e+00
1.455324450032890349e+00 1.641105000000000036e+00
1.487179029585939727e+00 1.669187999999999894e+00
1.519733742648287977e+00 1.681909000000000098e+00
1.552997595959721311e+00 1.682673000000000085e+00
1.586991746055928854e+00 1.676900000000000057e+00
1.621728568046108876e+00 1.668155000000000054e+00
1.657226002538870313e+00 1.655969000000000024e+00
1.693503044918474698e+00 1.637173999999999907e+00
1.730570880722132499e+00 1.609234000000000053e+00
1.768449794594556090e+00 1.572672000000000070e+00
1.807161419272292235e+00 1.531309000000000031e+00
1.846718657952616915e+00 1.490788000000000002e+00
1.887141395956233536e+00 1.456639000000000017e+00
1.928446905999783967e+00 1.432619000000000087e+00
1.970660801980119947e+00 1.419464000000000059e+00
2.013794492272063863e+00 1.414463999999999944e+00
2.057875696076454375e+00 1.412358999999999920e+00
2.102921167794182811e+00 1.407437000000000049e+00
2.148947875120341244e+00 1.395936999999999983e+00
2.195987491655247315e+00 1.377355000000000107e+00
2.244054377925685628e+00 1.354023999999999894e+00
2.293172994677545429e+00 1.329617000000000049e+00
2.343369202504593130e+00 1.307507999999999893e+00
2.394664687077192156e+00 1.289595999999999965e+00
2.447081854888045971e+00 1.276056000000000079e+00
2.500643915808320461e+00 1.265770999999999979e+00
2.555381505681890708e+00 1.256920000000000037e+00
2.611313778074887182e+00 1.247611000000000026e+00
2.668474113132628389e+00 1.236785999999999941e+00
2.726883526623927079e+00 1.224936000000000025e+00
2.786570957242854973e+00 1.213853999999999989e+00
2.847566896465314912e+00 1.205514999999999892e+00
2.909895098281706893e+00 1.200947999999999904e+00
2.973597428432943612e+00 1.199680000000000080e+00
3.038682427299522981e+00 1.199793000000000109e+00
3.105194680180473732e+00 1.198495000000000088e+00
3.173162659491088000e+00 1.193025000000000002e+00
3.242626267866870915e+00 1.181627999999999901e+00
3.313595350363004233e+00 1.164307999999999899e+00
3.386134456627003964e+00 1.143116999999999939e+00
3.460243531939777739e+00 1.121742999999999935e+00
3.535992871438371044e+00 1.104516999999999971e+00
3.613382523514086397e+00 1.095164999999999944e+00
3.692475841976804229e+00 1.095690999999999971e+00
3.773300128292204736e+00 1.105706999999999995e+00
3.855897402281920350e+00 1.122508999999999979e+00
3.940296625529969621e+00 1.142038000000000109e+00
4.026542971266589888e+00 1.160490000000000022e+00
4.114684485993613805e+00 1.175783999999999940e+00
4.204754736656211023e+00 1.188144000000000089e+00
4.296787721499407020e+00 1.199548999999999976e+00
4.390837200929101236e+00 1.212358999999999964e+00
4.486960891648868355e+00 1.227954999999999908e+00
4.585157844058781684e+00 1.246081999999999912e+00
4.685530612914259763e+00 1.265060999999999991e+00
4.788102522851219511e+00 1.282443999999999917e+00
4.892894538551115780e+00 1.295808000000000071e+00
