# frequency(Hz) HVamp
2.000000000000000042e-02 6.354720000000000368e-01
2.043777802275861116e-02 6.517209999999999948e-01
2.088513892042544867e-02 6.622010000000000396e-01
2.134229185993890415e-02 6.618039999999999479e-01
2.180945121728470465e-02 6.475680000000000325e-01
2.228683671448790371e-02 6.198679999999999746e-01
2.277467095838639488e-02 5.819090000000000096e-01
2.327318386720582041e-02 5.380099999999999882e-01
2.378260869151607032e-02 4.921869999999999856e-01
2.430318396985316209e-02 4.471390000000000087e-01
2.483515418061077798e-02 4.032020000000000048e-01
2.537876860438217572e-02 3.582750000000000101e-01
2.593428185548686538e-02 3.095060000000000033e-01
2.650195524800330604e-02 2.560689999999999911e-01
2.708205410122367304e-02 2.007279999999999898e-01
2.767485116257483238e-02 1.484860000000000069e-01
2.828062296556268368e-02 1.039130000000000054e-01
2.889965516642458918e-02 6.985500000000000043e-02
2.953223712425469966e-02 4.770300000000000235e-02
3.017866585007221089e-02 3.802300000000000124e-02
3.083924344304486698e-02 4.057100000000000289e-02
3.151428172097601316e-02 5.360999999999999793e-02
3.220409460893151193e-02 7.418299999999999894e-02
3.290900679366954434e-02 1.001879999999999993e-01
3.362935008254323843e-02 1.321519999999999917e-01
3.436545982617606604e-02 1.726540000000000019e-01
3.511768145762538679e-02 2.240969999999999906e-01
3.588636982920923035e-02 2.862149999999999972e-01
3.667188287528685281e-02 3.546380000000000088e-01
3.747459035401046190e-02 4.220639999999999947e-01
3.829486888200696326e-02 4.817420000000000035e-01
3.913310161841203338e-02 5.308110000000000328e-01
3.998968266187323539e-02 5.708060000000000356e-01
4.086501260624340881e-02 6.047569999999999890e-01
4.175950326235679244e-02 6.336979999999999835e-01
4.267357455111880221e-02 6.560310000000000308e-01
4.360765235805109941e-02 6.701249999999999707e-01
4.456217573218773653e-02 6.766510000000000025e-01
4.553759360593897382e-02 6.771589999999999554e-01
4.653436264861679494e-02 6.712540000000000173e-01
4.755294901990994583e-02 6.569139999999999979e-01
4.859383060501651364e-02 6.329409999999999759e-01
4.965749734357217948e-02 6.003709999999999880e-01
5.074444382592605690e-02 5.626579999999999915e-01
5.185518671652646766e-02 5.248869999999999925e-01
5.299023919793973553e-02 4.920490000000000141e-01
5.415013688613103116e-02 4.674200000000000021e-01
5.533542508618215922e-02 4.520489999999999786e-01
5.654665825930951795e-02 4.451249999999999929e-01
5.778440269534190765e-02 4.444290000000000185e-01
5.904923992113619846e-02 4.465339999999999865e-01
6.034176368113722960e-02 4.472639999999999949e-01
6.166257977365023624e-02 4.429600000000000204e-01
6.301230579922413588e-02 4.318100000000000271e-01
6.439157495481964699e-02 4.140969999999999929e-01
6.580103648476649802e-02 3.914030000000000009e-01
6.724135160227064090e-02 3.657219999999999915e-01
6.871319291929786632e-02 3.390580000000000260e-01
7.021724865648072689e-02 3.133329999999999727e-01
7.175422799231455373e-02 2.902069999999999927e-01
7.332484622679873165e-02 2.707720000000000127e-01
7.492985067379918929e-02 2.553059999999999774e-01
7.656998328017844413e-02 2.431909999999999905e-01
7.824601847091161577e-02 2.332609999999999961e-01
7.995873489609482687e-02 2.243950000000000111e-01
8.170894587125514252e-02 2.156750000000000056e-01
8.349746848200181870e-02 2.060180000000000067e-01
8.532513483931059017e-02 1.942190000000000027e-01
8.719280666320453066e-02 1.798339999999999939e-01
8.910136197668877545e-02 1.639559999999999906e-01
9.105169441740208758e-02 1.489479999999999971e-01
9.304472101470850909e-02 1.371100000000000096e-01
9.508136492722282784e-02 1.289480000000000071e-01
9.716259003207046441e-02 1.223010000000000069e-01
9.928937600698042876e-02 1.133860000000000007e-01
1.014627169666056788e-01 9.928800000000000125e-02
1.036836198025345573e-01 8.007799999999999641e-02
1.059531470945422049e-01 5.890399999999999803e-02
1.082723426204657002e-01 4.013100000000000001e-02
1.106423073612318730e-01 2.710600000000000162e-02
1.130641434367904014e-01 2.096200000000000147e-02
1.155389888050807612e-01 2.066899999999999987e-02
1.180680199308263012e-01 2.372399999999999856e-02
1.206523964642573915e-01 2.709299999999999903e-02
1.232933427266421494e-01 2.820599999999999843e-02
1.259921091142061633e-01 2.553100000000000161e-02
1.287499385219043613e-01 1.843500000000000000e-02
1.315681276210838024e-01 6.642000000000000334e-03
1.344480149355610776e-01 -9.945999999999999980e-03
1.373909270603933253e-01 -3.050200000000000133e-02
1.403982677661723133e-01 -5.227899999999999908e-02
1.434714465996406174e-01 -7.058799999999999797e-02
1.466118729226930095e-01 -8.025599999999999401e-02
1.498210387691902012e-01 -7.809099999999999375e-02
1.531004603883944215e-01 -6.503499999999999559e-02
1.564516759885790365e-01 -4.634699999999999931e-02
1.598762174374112610e-01 -2.926099999999999882e-02
1.633757347823671657e-01 -1.931499999999999884e-02
1.669518482487836186e-01 -1.761700000000000071e-02
1.706062493069121222e-01 -2.092400000000000163e-02
1.743406480276755433e-01 -2.445900000000000157e-02
1.781567686922972404e-01 -2.507200000000000054e-02
1.820564109071452219e-01 -2.228300000000000072e-02
1.860414236112984399e-01 -1.726400000000000157e-02
1.901136708649468487e-01 -1.158799999999999934e-02
1.942750635716576912e-01 -6.803000000000000019e-03
1.985275213739692568e-01 -4.508999999999999987e-03
2.028730886819132551e-01 -6.156000000000000014e-03
2.073137384534022021e-01 -1.214400000000000028e-02
2.118516148918974384e-01 -2.078899999999999845e-02
2.164888283105038391e-01 -2.844000000000000000e-02
2.212275340673810209e-01 -3.105399999999999827e-02
2.260699835805370650e-01 -2.602300000000000099e-02
2.310183752015635139e-01 -1.322899999999999944e-02
2.360751096568884100e-01 4.838000000000000286e-03
2.412425341466744866e-01 2.378900000000000112e-02
2.465230998307618715e-01 3.878999999999999809e-02
2.519191833183147544e-01 4.631899999999999906e-02
2.574334553825345373e-01 4.543400000000000216e-02
2.630683822583526066e-01 3.787299999999999695e-02
2.688266710467492326e-01 2.710900000000000115e-02
2.747110108843249798e-01 1.701599999999999988e-02
2.807241335168895180e-01 1.056299999999999947e-02
2.868688920234096495e-01 8.774999999999999814e-03
2.931481028187655768e-01 1.037399999999999954e-02
2.995647922697904919e-01 1.241199999999999942e-02
3.061219491886544297e-01 1.165300000000000016e-02
3.128225983045015424e-01 6.146000000000000421e-03
3.196699982673885665e-01 -3.805999999999999921e-03
3.266672524899394969e-01 -1.602200000000000152e-02
3.338175913859038335e-01 -2.791499999999999884e-02
3.411245032800827026e-01 -3.789599999999999913e-02
3.485912903071751723e-01 -4.582699999999999968e-02
3.562216425308692980e-01 -5.237100000000000088e-02
3.640189144227933826e-01 -5.799300000000000288e-02
3.719868599361595973e-01 -6.256699999999999762e-02
3.801292743636255911e-01 -6.571399999999999464e-02
3.884498326752345854e-01 -6.733100000000000196e-02
3.969526737144291051e-01 -6.791899999999999327e-02
4.056414997215270768e-01 -6.861000000000000432e-02
4.145204868460213854e-01 -7.087799999999999656e-02
4.235940173275368759e-01 -7.602899999999999936e-02
4.328659535344370757e-01 -8.456500000000000128e-02
4.423408678727827614e-01 -9.577600000000000002e-02
4.520233696082087693e-01 -1.080320000000000030e-01
4.619176604055267865e-01 -1.197590000000000043e-01
4.720285331807737017e-01 -1.302369999999999917e-01
4.823605567984378673e-01 -1.395569999999999866e-01
4.929189725005434508e-01 -1.480720000000000092e-01
5.037085542305222985e-01 -1.558470000000000133e-01
5.147340034826902722e-01 -1.623779999999999946e-01
5.260010193899755659e-01 -1.668050000000000088e-01
5.375147682182568332e-01 -1.685119999999999951e-01
5.492803329078241870e-01 -1.676390000000000102e-01
5.613033013614973088e-01 -1.650790000000000035e-01
5.735898580135665448e-01 -1.618439999999999879e-01
5.861448258358571417e-01 -1.581730000000000080e-01
5.989749143316128732e-01 -1.532729999999999926e-01
6.120861303119130570e-01 -1.461210000000000009e-01
6.254839682204105245e-01 -1.366709999999999869e-01
6.391749019026319312e-01 -1.263529999999999931e-01
6.531657310067570110e-01 -1.172839999999999994e-01
6.674631727194452191e-01 -1.108029999999999987e-01
6.820728740300071591e-01 -1.065979999999999983e-01
6.970030263871405118e-01 -1.032300000000000023e-01
7.122593364734473020e-01 -9.921699999999999964e-02
7.278502433567288765e-01 -9.351199999999999790e-02
7.437819826252529687e-01 -8.536499999999999644e-02
7.600626595656545526e-01 -7.440199999999999592e-02
7.766996323880640540e-01 -6.109400000000000247e-02
7.937005574159013976e-01 -4.695699999999999874e-02
8.110740810733430006e-01 -3.386499999999999927e-02
8.288272757110509703e-01 -2.292299999999999893e-02
8.469695429752346350e-01 -1.387399999999999918e-02
8.655086161382736787e-01 -5.518000000000000335e-03
8.844540397880493732e-01 3.258000000000000045e-03
9.038134601323364326e-01 1.261100000000000068e-02
9.235972635660274488e-01 2.164699999999999958e-02
9.438138195107080852e-01 2.914900000000000130e-02
9.644726842046378312e-01 3.448099999999999776e-02
9.855838648094324972e-01 3.792100000000000332e-02
1.007156856623164121e+00 4.034800000000000192e-02
1.029202594413900052e+00 4.274100000000000121e-02
1.051730412046940843e+00 4.598200000000000204e-02
1.074752242739242414e+00 5.100199999999999873e-02
1.098277132661993116e+00 5.881999999999999729e-02
1.122316821060050707e+00 7.014900000000000302e-02
1.146883687643933891e+00 8.493000000000000549e-02
1.171988078537265165e+00 1.024150000000000060e-01
1.197640647923590596e+00 1.218260000000000037e-01
1.223856887071053556e+00 1.429729999999999890e-01
1.250645645814651763e+00 1.663129999999999886e-01
1.278020601692099190e+00 1.922339999999999882e-01
1.305994514823037633e+00 2.198460000000000136e-01
1.334582502555725414e+00 2.461299999999999877e-01
1.363795059788775355e+00 2.666660000000000141e-01
1.393646643680787944e+00 2.781100000000000239e-01
1.424152486855072564e+00 2.806850000000000178e-01
1.455324450032890349e+00 2.785779999999999923e-01
1.487179029585939727e+00 2.781379999999999963e-01
1.519733742648287977e+00 2.851719999999999811e-01
1.552997595959721311e+00 3.025680000000000036e-01
1.586991746055928854e+00 3.292100000000000026e-01
1.621728568046108876e+00 3.608060000000000156e-01
1.657226002538870313e+00 3.922439999999999816e-01
1.693503044918474698e+00 4.198279999999999790e-01
1.730570880722132499e+00 4.421809999999999907e-01
1.768449794594556090e+00 4.600159999999999805e-01
1.807161419272292235e+00 4.755650000000000155e-01
1.846718657952616915e+00 4.919370000000000132e-01
1.887141395956233536e+00 5.122649999999999704e-01
1.928446905999783967e+00 5.387199999999999767e-01
1.970660801980119947e+00 5.716919999999999780e-01
2.013794492272063863e+00 6.094910000000000050e-01
2.057875696076454375e+00 6.487469999999999626e-01
2.102921167794182811e+00 6.853700000000000347e-01
2.148947875120341244e+00 7.155850000000000266e-01
2.195987491655247315e+00 7.368460000000000010e-01
2.244054377925685628e+00 7.485030000000000294e-01
2.293172994677545429e+00 7.518200000000000438e-01
2.343369202504593130e+00 7.491480000000000361e-01
2.394664687077192156e+00 7.428679999999999728e-01
2.447081854888045971e+00 7.349780000000000202e-01
2.500643915808320461e+00 7.272779999999999800e-01
2.555381505681890708e+00 7.212779999999999747e-01
2.611313778074887182e+00 7.178179999999999561e-01
2.668474113132628389e+00 7.168280000000000207e-01
2.726883526623927079e+00 7.172539999999999472e-01
2.786570957242854973e+00 7.173610000000000264e-01
2.847566896465314912e+00 7.155390000000000361e-01
2.909895098281706893e+00 7.110049999999999981e-01
2.973597428432943612e+00 7.039189999999999614e-01
3.038682427299522981e+00 6.949269999999999614e-01
3.105194680180473732e+00 6.844879999999999853e-01
3.173162659491088000e+00 6.724729999999999874e-01
3.242626267866870915e+00 6.583830000000000515e-01
3.313595350363004233e+00 6.419820000000000526e-01
3.386134456627003964e+00 6.237800000000000011e-01
3.460243531939777739e+00 6.049790000000000445e-01
3.535992871438371044e+00 5.868729999999999780e-01
3.613382523514086397e+00 5.702490000000000059e-01
3.692475841976804229e+00 5.550920000000000298e-01
3.773300128292204736e+00 5.407279999999999864e-01
3.855897402281920350e+00 5.263830000000000453e-01
3.940296625529969621e+00 5.117450000000000054e-01
4.026542971266589888e+00 4.971630000000000216e-01
4.114684485993613805e+00 4.834609999999999741e-01
4.204754736656211023e+00 4.715929999999999844e-01
4.296787721499407020e+00 4.622350000000000070e-01
4.390837200929101236e+00 4.554489999999999927e-01
4.486960891648868355e+00 4.505890000000000173e-01
4.585157844058781684e+00 4.464290000000000203e-01
4.685530612914259763e+00 4.414339999999999931e-01
4.788102522851219511e+00 4.340760000000000174e-01
4.892894538551115780e+00 4.232020000000000226e-01
