# frequency(Hz) HVamp
2.000000000000000042e-02 1.059101999999999988e+00
2.043777802275861116e-02 1.035358999999999918e+00
2.088513892042544867e-02 1.025452999999999948e+00
2.134229185993890415e-02 1.028999999999999915e+00
2.180945121728470465e-02 1.042891000000000012e+00
2.228683671448790371e-02 1.061609000000000025e+00
2.277467095838639488e-02 1.079523000000000010e+00
2.327318386720582041e-02 1.093731000000000009e+00
2.378260869151607032e-02 1.104627999999999943e+00
2.430318396985316209e-02 1.114576999999999929e+00
2.483515418061077798e-02 1.126617999999999897e+00
2.537876860438217572e-02 1.143175999999999970e+00
2.593428185548686538e-02 1.165024000000000060e+00
2.650195524800330604e-02 1.191356000000000082e+00
2.708205410122367304e-02 1.221154000000000073e+00
2.767485116257483238e-02 1.254636000000000084e+00
2.828062296556268368e-02 1.293182999999999971e+00
2.889965516642458918e-02 1.337950999999999890e+00
2.953223712425469966e-02 1.388571999999999917e+00
3.017866585007221089e-02 1.442917999999999923e+00
3.083924344304486698e-02 1.497756000000000087e+00
3.151428172097601316e-02 1.549522000000000066e+00
3.220409460893151193e-02 1.594859000000000027e+00
3.290900679366954434e-02 1.631545000000000023e+00
3.362935008254323843e-02 1.659839999999999982e+00
3.436545982617606604e-02 1.682986000000000093e+00
3.511768145762538679e-02 1.705656000000000061e+00
3.588636982920923035e-02 1.731109999999999927e+00
3.667188287528685281e-02 1.759155000000000024e+00
3.747459035401046190e-02 1.786248000000000058e+00
3.829486888200696326e-02 1.807377999999999929e+00
3.913310161841203338e-02 1.817989999999999995e+00
3.998968266187323539e-02 1.814761000000000069e+00
4.086501260624340881e-02 1.795805000000000096e+00
4.175950326235679244e-02 1.761360999999999954e+00
4.267357455111880221e-02 1.714809000000000028e+00
4.360765235805109941e-02 1.662778000000000089e+00
4.456217573218773653e-02 1.613631999999999955e+00
4.553759360593897382e-02 1.574920000000000098e+00
4.653436264861679494e-02 1.550939000000000068e+00
4.755294901990994583e-02 1.541794000000000109e+00
4.859383060501651364e-02 1.543716000000000088e+00
4.965749734357217948e-02 1.550631000000000093e+00
5.074444382592605690e-02 1.557633999999999963e+00
5.185518671652646766e-02 1.562144999999999895e+00
5.299023919793973553e-02 1.562135000000000051e+00
5.415013688613103116e-02 1.555480999999999892e+00
5.533542508618215922e-02 1.541255000000000042e+00
5.654665825930951795e-02 1.520939999999999959e+00
5.778440269534190765e-02 1.497762000000000038e+00
5.904923992113619846e-02 1.474890999999999952e+00
6.034176368113722960e-02 1.454685000000000006e+00
6.166257977365023624e-02 1.439170999999999978e+00
6.301230579922413588e-02 1.430101000000000067e+00
6.439157495481964699e-02 1.428673000000000082e+00
6.580103648476649802e-02 1.434938999999999965e+00
6.724135160227064090e-02 1.447095999999999938e+00
6.871319291929786632e-02 1.461854999999999905e+00
7.021724865648072689e-02 1.475870000000000015e+00
7.175422799231455373e-02 1.486896999999999913e+00
7.332484622679873165e-02 1.493854000000000015e+00
7.492985067379918929e-02 1.496361000000000052e+00
7.656998328017844413e-02 1.494539999999999980e+00
7.824601847091161577e-02 1.489036999999999944e+00
7.995873489609482687e-02 1.480968000000000062e+00
8.170894587125514252e-02 1.471751000000000031e+00
8.349746848200181870e-02 1.462720999999999938e+00
8.532513483931059017e-02 1.454714000000000063e+00
8.719280666320453066e-02 1.447842000000000073e+00
8.910136197668877545e-02 1.441422999999999899e+00
9.105169441740208758e-02 1.434088000000000029e+00
9.304472101470850909e-02 1.424217999999999984e+00
9.508136492722282784e-02 1.410924999999999985e+00
9.716259003207046441e-02 1.395151000000000030e+00
9.928937600698042876e-02 1.379726999999999926e+00
1.014627169666056788e-01 1.368219000000000074e+00
1.036836198025345573e-01 1.363267999999999924e+00
1.059531470945422049e-01 1.365153999999999979e+00
1.082723426204657002e-01 1.371436000000000099e+00
1.106423073612318730e-01 1.378154000000000101e+00
1.130641434367904014e-01 1.381996000000000002e+00
1.155389888050807612e-01 1.381966000000000028e+00
1.180680199308263012e-01 1.379369000000000067e+00
1.206523964642573915e-01 1.376584000000000030e+00
1.232933427266421494e-01 1.376076000000000077e+00
1.259921091142061633e-01 1.379990999999999968e+00
1.287499385219043613e-01 1.389432999999999918e+00
1.315681276210838024e-01 1.403426999999999980e+00
1.344480149355610776e-01 1.418738000000000055e+00
1.373909270603933253e-01 1.431349999999999900e+00
1.403982677661723133e-01 1.438979000000000008e+00
1.434714465996406174e-01 1.442679000000000045e+00
1.466118729226930095e-01 1.445928000000000102e+00
1.498210387691902012e-01 1.452001000000000097e+00
1.531004603883944215e-01 1.461967999999999934e+00
1.564516759885790365e-01 1.474914000000000058e+00
1.598762174374112610e-01 1.489765999999999924e+00
1.633757347823671657e-01 1.506499000000000033e+00
1.669518482487836186e-01 1.525668999999999942e+00
1.706062493069121222e-01 1.547387999999999986e+00
1.743406480276755433e-01 1.570959999999999912e+00
1.781567686922972404e-01 1.595013999999999932e+00
1.820564109071452219e-01 1.617709999999999981e+00
1.860414236112984399e-01 1.636972000000000094e+00
1.901136708649468487e-01 1.650905000000000067e+00
1.942750635716576912e-01 1.658450999999999897e+00
1.985275213739692568e-01 1.659939000000000053e+00
2.028730886819132551e-01 1.656856000000000106e+00
2.073137384534022021e-01 1.650600000000000067e+00
2.118516148918974384e-01 1.641164999999999985e+00
2.164888283105038391e-01 1.626878999999999964e+00
2.212275340673810209e-01 1.605356000000000005e+00
2.260699835805370650e-01 1.574975999999999932e+00
2.310183752015635139e-01 1.536445999999999978e+00
2.360751096568884100e-01 1.493656000000000095e+00
2.412425341466744866e-01 1.452857000000000065e+00
2.465230998307618715e-01 1.420487999999999973e+00
2.519191833183147544e-01 1.401173999999999920e+00
2.574334553825345373e-01 1.396813000000000082e+00
2.630683822583526066e-01 1.406452000000000035e+00
2.688266710467492326e-01 1.426658999999999899e+00
2.747110108843249798e-01 1.452655000000000030e+00
2.807241335168895180e-01 1.480204000000000075e+00
2.868688920234096495e-01 1.507360000000000033e+00
2.931481028187655768e-01 1.535077999999999943e+00
2.995647922697904919e-01 1.565979999999999928e+00
3.061219491886544297e-01 1.601755000000000040e+00
3.128225983045015424e-01 1.641369000000000078e+00
3.196699982673885665e-01 1.681707999999999981e+00
3.266672524899394969e-01 1.719953999999999983e+00
3.338175913859038335e-01 1.755575000000000108e+00
3.411245032800827026e-01 1.790689999999999893e+00
3.485912903071751723e-01 1.829024999999999901e+00
3.562216425308692980e-01 1.873998999999999970e+00
3.640189144227933826e-01 1.926488999999999896e+00
3.719868599361595973e-01 1.983497999999999983e+00
3.801292743636255911e-01 2.039042999999999939e+00
3.884498326752345854e-01 2.086924999999999919e+00
3.969526737144291051e-01 2.123423999999999978e+00
4.056414997215270768e-01 2.148445999999999856e+00
4.145204868460213854e-01 2.165224999999999955e+00
4.235940173275368759e-01 2.178996999999999851e+00
4.328659535344370757e-01 2.194760000000000044e+00
4.423408678727827614e-01 2.214789999999999814e+00
4.520233696082087693e-01 2.237295000000000034e+00
4.619176604055267865e-01 2.257153000000000187e+00
4.720285331807737017e-01 2.268345000000000056e+00
4.823605567984378673e-01 2.266986999999999863e+00
4.929189725005434508e-01 2.253578000000000081e+00
5.037085542305222985e-01 2.232940999999999843e+00
5.147340034826902722e-01 2.211425999999999892e+00
5.260010193899755659e-01 2.193086999999999787e+00
5.375147682182568332e-01 2.177871999999999808e+00
5.492803329078241870e-01 2.162941000000000003e+00
5.613033013614973088e-01 2.145519999999999872e+00
5.735898580135665448e-01 2.125116999999999923e+00
5.861448258358571417e-01 2.103708999999999829e+00
5.989749143316128732e-01 2.083981999999999779e+00
6.120861303119130570e-01 2.066825000000000134e+00
6.254839682204105245e-01 2.050063000000000191e+00
6.391749019026319312e-01 2.029760000000000009e+00
6.531657310067570110e-01 2.003369999999999873e+00
6.674631727194452191e-01 1.972178999999999904e+00
6.820728740300071591e-01 1.940526999999999891e+00
6.970030263871405118e-01 1.912304999999999922e+00
7.122593364734473020e-01 1.887968000000000091e+00
7.278502433567288765e-01 1.864494000000000096e+00
7.437819826252529687e-01 1.837731999999999921e+00
7.600626595656545526e-01 1.804971000000000103e+00
7.766996323880640540e-01 1.766119999999999912e+00
7.937005574159013976e-01 1.723387999999999920e+00
8.110740810733430006e-01 1.680355000000000043e+00
8.288272757110509703e-01 1.640970000000000040e+00
8.469695429752346350e-01 1.608516000000000057e+00
8.655086161382736787e-01 1.584732999999999947e+00
8.844540397880493732e-01 1.569449000000000094e+00
9.038134601323364326e-01 1.560944000000000109e+00
9.235972635660274488e-01 1.557085000000000052e+00
9.438138195107080852e-01 1.556621000000000032e+00
9.644726842046378312e-01 1.559503000000000084e+00
9.855838648094324972e-01 1.565928999999999904e+00
1.007156856623164121e+00 1.575061000000000044e+00
1.029202594413900052e+00 1.584389000000000047e+00
1.051730412046940843e+00 1.590232000000000090e+00
1.074752242739242414e+00 1.589410999999999907e+00
1.098277132661993116e+00 1.581407000000000007e+00
1.122316821060050707e+00 1.569482000000000044e+00
1.146883687643933891e+00 1.559385999999999939e+00
1.171988078537265165e+00 1.556218000000000101e+00
1.197640647923590596e+00 1.561868999999999952e+00
1.223856887071053556e+00 1.574789999999999912e+00
1.250645645814651763e+00 1.591585999999999945e+00
1.278020601692099190e+00 1.608824000000000032e+00
1.305994514823037633e+00 1.623968999999999996e+00
1.334582502555725414e+00 1.635248000000000035e+00
1.363795059788775355e+00 1.641157999999999895e+00
1.393646643680787944e+00 1.640703999999999940e+00
1.424152486855072564e+00 1.634705000000000075e+00
1.455324450032890349e+00 1.626932999999999963e+00
1.487179029585939727e+00 1.623220000000000107e+00
1.519733742648287977e+00 1.628360999999999947e+00
1.552997595959721311e+00 1.642875000000000085e+00
1.586991746055928854e+00 1.661947999999999981e+00
1.621728568046108876e+00 1.677596000000000087e+00
1.657226002538870313e+00 1.683130999999999933e+00
1.693503044918474698e+00 1.677114999999999911e+00
1.730570880722132499e+00 1.663826999999999945e+00
1.768449794594556090e+00 1.649966999999999961e+00
1.807161419272292235e+00 1.640295999999999976e+00
1.846718657952616915e+00 1.635269000000000084e+00
1.887141395956233536e+00 1.631742999999999943e+00
1.928446905999783967e+00 1.625728000000000062e+00
1.970660801980119947e+00 1.615213999999999928e+00
2.013794492272063863e+00 1.601339999999999986e+00
2.057875696076454375e+00 1.587348999999999899e+00
2.102921167794182811e+00 1.576367000000000074e+00
2.148947875120341244e+00 1.569450999999999929e+00
2.195987491655247315e+00 1.565039000000000069e+00
2.244054377925685628e+00 1.560184999999999933e+00
2.293172994677545429e+00 1.552588000000000079e+00
2.343369202504593130e+00 1.541882999999999893e+00
2.394664687077192156e+00 1.529393000000000002e+00
2.447081854888045971e+00 1.516920000000000046e+00
2.500643915808320461e+00 1.505827999999999944e+00
2.555381505681890708e+00 1.496893000000000029e+00
2.611313778074887182e+00 1.490418000000000021e+00
2.668474113132628389e+00 1.486375000000000002e+00
2.726883526623927079e+00 1.484572999999999920e+00
2.786570957242854973e+00 1.484650000000000025e+00
2.847566896465314912e+00 1.485918000000000072e+00
2.909895098281706893e+00 1.487497000000000069e+00
2.973597428432943612e+00 1.489012000000000002e+00
3.038682427299522981e+00 1.491120999999999919e+00
3.105194680180473732e+00 1.495143000000000111e+00
3.173162659491088000e+00 1.501975999999999978e+00
3.242626267866870915e+00 1.511114999999999986e+00
3.313595350363004233e+00 1.520369999999999999e+00
3.386134456627003964e+00 1.526497999999999911e+00
3.460243531939777739e+00 1.526677000000000062e+00
3.535992871438371044e+00 1.520108000000000015e+00
3.613382523514086397e+00 1.508442999999999978e+00
3.692475841976804229e+00 1.494572999999999929e+00
3.773300128292204736e+00 1.480652000000000079e+00
3.855897402281920350e+00 1.467097000000000095e+00
3.940296625529969621e+00 1.453302000000000094e+00
4.026542971266589888e+00 1.438949000000000034e+00
4.114684485993613805e+00 1.424811000000000050e+00
4.204754736656211023e+00 1.412805000000000089e+00
4.296787721499407020e+00 1.405442999999999998e+00
4.390837200929101236e+00 1.404833999999999916e+00
4.486960891648868355e+00 1.411793999999999993e+00
4.585157844058781684e+00 1.425600999999999896e+00
4.685530612914259763e+00 1.444393000000000038e+00
4.788102522851219511e+00 1.465948000000000029e+00
4.892894538551115780e+00 1.488415000000000044e+00
