# frequency(Hz) HVamp
2.000000000000000042e-02 1.007285999999999904e+00
2.043777802275861116e-02 9.896549999999999514e-01
2.088513892042544867e-02 9.849099999999999522e-01
2.134229185993890415e-02 9.938310000000000199e-01
2.180945121728470465e-02 1.015576999999999952e+00
2.228683671448790371e-02 1.047409000000000034e+00
2.277467095838639488e-02 1.084514999999999896e+00
2.327318386720582041e-02 1.122049999999999992e+00
2.378260869151607032e-02 1.157270999999999939e+00
2.430318396985316209e-02 1.188798999999999939e+00
2.483515418061077798e-02 1.214258999999999977e+00
2.537876860438217572e-02 1.229405999999999999e+00
2.593428185548686538e-02 1.229883000000000060e+00
2.650195524800330604e-02 1.214129999999999932e+00
2.708205410122367304e-02 1.185167000000000082e+00
2.767485116257483238e-02 1.149334999999999996e+00
2.828062296556268368e-02 1.112419000000000047e+00
2.889965516642458918e-02 1.076659000000000033e+00
2.953223712425469966e-02 1.041419000000000095e+00
3.017866585007221089e-02 1.006540999999999908e+00
3.083924344304486698e-02 9.751360000000000028e-01
3.151428172097601316e-02 9.531030000000000335e-01
3.220409460893151193e-02 9.450669999999999904e-01
3.290900679366954434e-02 9.500939999999999941e-01
3.362935008254323843e-02 9.619520000000000293e-01
3.436545982617606604e-02 9.738080000000000069e-01
3.511768145762538679e-02 9.822419999999999485e-01
3.588636982920923035e-02 9.875140000000000029e-01
3.667188287528685281e-02 9.911379999999999635e-01
3.747459035401046190e-02 9.934939999999999882e-01
3.829486888200696326e-02 9.933239999999999847e-01
3.913310161841203338e-02 9.886580000000000368e-01
3.998968266187323539e-02 9.780130000000000212e-01
4.086501260624340881e-02 9.613589999999999636e-01
4.175950326235679244e-02 9.404169999999999474e-01
4.267357455111880221e-02 9.179739999999999567e-01
4.360765235805109941e-02 8.968610000000000193e-01
4.456217573218773653e-02 8.797080000000000455e-01
4.553759360593897382e-02 8.696199999999999486e-01
4.653436264861679494e-02 8.698010000000000463e-01
4.755294901990994583e-02 8.797469999999999457e-01
4.859383060501651364e-02 8.923780000000000046e-01
4.965749734357217948e-02 8.984010000000000051e-01
5.074444382592605690e-02 8.929409999999999847e-01
5.185518671652646766e-02 8.774509999999999810e-01
5.299023919793973553e-02 8.573450000000000237e-01
5.415013688613103116e-02 8.384359999999999591e-01
5.533542508618215922e-02 8.244650000000000034e-01
5.654665825930951795e-02 8.161720000000000086e-01
5.778440269534190765e-02 8.117619999999999836e-01
5.904923992113619846e-02 8.085179999999999589e-01
6.034176368113722960e-02 8.040939999999999754e-01
6.166257977365023624e-02 7.963590000000000391e-01
6.301230579922413588e-02 7.833240000000000203e-01
6.439157495481964699e-02 7.647460000000000369e-01
6.580103648476649802e-02 7.444180000000000241e-01
6.724135160227064090e-02 7.300259999999999527e-01
6.871319291929786632e-02 7.290180000000000549e-01
7.021724865648072689e-02 7.434589999999999810e-01
7.175422799231455373e-02 7.681080000000000130e-01
7.332484622679873165e-02 7.933940000000000436e-01
7.492985067379918929e-02 8.109750000000000014e-01
7.656998328017844413e-02 8.171789999999999887e-01
7.824601847091161577e-02 8.126670000000000282e-01
7.995873489609482687e-02 8.007400000000000073e-01
8.170894587125514252e-02 7.861900000000000555e-01
8.349746848200181870e-02 7.741970000000000240e-01
8.532513483931059017e-02 7.686610000000000387e-01
8.719280666320453066e-02 7.708070000000000199e-01
8.910136197668877545e-02 7.789490000000000025e-01
9.105169441740208758e-02 7.893940000000000401e-01
9.304472101470850909e-02 7.979279999999999706e-01
9.508136492722282784e-02 8.011449999999999960e-01
9.716259003207046441e-02 7.970850000000000435e-01
9.928937600698042876e-02 7.856560000000000210e-01
1.014627169666056788e-01 7.687220000000000164e-01
1.036836198025345573e-01 7.491409999999999458e-01
1.059531470945422049e-01 7.293250000000000011e-01
1.082723426204657002e-01 7.106489999999999752e-01
1.106423073612318730e-01 6.938250000000000250e-01
1.130641434367904014e-01 6.793529999999999847e-01
1.155389888050807612e-01 6.675349999999999895e-01
1.180680199308263012e-01 6.583569999999999700e-01
1.206523964642573915e-01 6.516150000000000553e-01
1.232933427266421494e-01 6.470510000000000428e-01
1.259921091142061633e-01 6.441109999999999891e-01
1.287499385219043613e-01 6.416460000000000496e-01
1.315681276210838024e-01 6.382459999999999800e-01
1.344480149355610776e-01 6.331449999999999578e-01
1.373909270603933253e-01 6.268820000000000503e-01
1.403982677661723133e-01 6.210400000000000365e-01
1.434714465996406174e-01 6.172020000000000284e-01
1.466118729226930095e-01 6.158219999999999805e-01
1.498210387691902012e-01 6.158979999999999455e-01
1.531004603883944215e-01 6.156709999999999683e-01
1.564516759885790365e-01 6.136509999999999465e-01
1.598762174374112610e-01 6.092670000000000030e-01
1.633757347823671657e-01 6.029679999999999485e-01
1.669518482487836186e-01 5.959499999999999797e-01
1.706062493069121222e-01 5.896069999999999922e-01
1.743406480276755433e-01 5.850840000000000485e-01
1.781567686922972404e-01 5.832979999999999832e-01
1.820564109071452219e-01 5.850100000000000300e-01
1.860414236112984399e-01 5.903439999999999799e-01
1.901136708649468487e-01 5.981800000000000450e-01
1.942750635716576912e-01 6.062530000000000419e-01
1.985275213739692568e-01 6.120120000000000005e-01
2.028730886819132551e-01 6.136059999999999848e-01
2.073137384534022021e-01 6.104439999999999866e-01
2.118516148918974384e-01 6.032570000000000432e-01
2.164888283105038391e-01 5.937719999999999665e-01
2.212275340673810209e-01 5.841020000000000101e-01
2.260699835805370650e-01 5.761439999999999895e-01
2.310183752015635139e-01 5.712390000000000523e-01
2.360751096568884100e-01 5.699579999999999647e-01
2.412425341466744866e-01 5.719549999999999912e-01
2.465230998307618715e-01 5.762760000000000105e-01
2.519191833183147544e-01 5.820959999999999468e-01
2.574334553825345373e-01 5.891619999999999635e-01
2.630683822583526066e-01 5.974530000000000118e-01
2.688266710467492326e-01 6.064559999999999951e-01
2.747110108843249798e-01 6.149409999999999599e-01
2.807241335168895180e-01 6.216749999999999776e-01
2.868688920234096495e-01 6.264300000000000423e-01
2.931481028187655768e-01 6.303910000000000347e-01
2.995647922697904919e-01 6.355300000000000393e-01
3.061219491886544297e-01 6.432550000000000212e-01
3.128225983045015424e-01 6.532299999999999773e-01
3.196699982673885665e-01 6.633869999999999489e-01
3.266672524899394969e-01 6.713219999999999743e-01
3.338175913859038335e-01 6.759370000000000100e-01
3.411245032800827026e-01 6.779199999999999671e-01
3.485912903071751723e-01 6.787509999999999932e-01
3.562216425308692980e-01 6.793200000000000349e-01
3.640189144227933826e-01 6.795560000000000489e-01
3.719868599361595973e-01 6.791430000000000522e-01
3.801292743636255911e-01 6.782909999999999773e-01
3.884498326752345854e-01 6.777969999999999828e-01
3.969526737144291051e-01 6.784790000000000543e-01
4.056414997215270768e-01 6.806200000000000028e-01
4.145204868460213854e-01 6.839279999999999804e-01
4.235940173275368759e-01 6.878790000000000182e-01
4.328659535344370757e-01 6.919790000000000108e-01
4.423408678727827614e-01 6.957849999999999868e-01
4.520233696082087693e-01 6.990110000000000490e-01
4.619176604055267865e-01 7.017849999999999921e-01
4.720285331807737017e-01 7.046999999999999931e-01
4.823605567984378673e-01 7.084479999999999666e-01
4.929189725005434508e-01 7.133239999999999581e-01
5.037085542305222985e-01 7.190079999999999805e-01
5.147340034826902722e-01 7.247430000000000261e-01
5.260010193899755659e-01 7.297500000000000098e-01
5.375147682182568332e-01 7.335979999999999723e-01
5.492803329078241870e-01 7.364039999999999475e-01
5.613033013614973088e-01 7.389829999999999455e-01
5.735898580135665448e-01 7.426449999999999996e-01
5.861448258358571417e-01 7.484769999999999479e-01
5.989749143316128732e-01 7.566690000000000360e-01
6.120861303119130570e-01 7.666640000000000121e-01
6.254839682204105245e-01 7.780669999999999531e-01
6.391749019026319312e-01 7.913090000000000401e-01
6.531657310067570110e-01 8.072989999999999888e-01
6.674631727194452191e-01 8.264639999999999764e-01
6.820728740300071591e-01 8.481440000000000090e-01
6.970030263871405118e-01 8.706939999999999680e-01
7.122593364734473020e-01 8.919920000000000071e-01
7.278502433567288765e-01 9.101690000000000058e-01
7.437819826252529687e-01 9.244059999999999500e-01
7.600626595656545526e-01 9.354059999999999597e-01
7.766996323880640540e-01 9.453259999999999996e-01
7.937005574159013976e-01 9.572730000000000405e-01
8.110740810733430006e-01 9.741840000000000499e-01
8.288272757110509703e-01 9.970560000000000533e-01
8.469695429752346350e-01 1.023619999999999974e+00
8.655086161382736787e-01 1.049069999999999947e+00
8.844540397880493732e-01 1.068993000000000082e+00
9.038134601323364326e-01 1.082192000000000043e+00
9.235972635660274488e-01 1.090626000000000095e+00
9.438138195107080852e-01 1.096848000000000045e+00
9.644726842046378312e-01 1.102073000000000080e+00
9.855838648094324972e-01 1.106762999999999941e+00
1.007156856623164121e+00 1.112327999999999983e+00
1.029202594413900052e+00 1.121529999999999916e+00
1.051730412046940843e+00 1.136984999999999912e+00
1.074752242739242414e+00 1.159508999999999901e+00
1.098277132661993116e+00 1.187993999999999994e+00
1.122316821060050707e+00 1.220838000000000090e+00
1.146883687643933891e+00 1.257727999999999957e+00
1.171988078537265165e+00 1.300364999999999993e+00
1.197640647923590596e+00 1.351434999999999942e+00
1.223856887071053556e+00 1.412363000000000035e+00
1.250645645814651763e+00 1.481646999999999936e+00
1.278020601692099190e+00 1.555439000000000016e+00
1.305994514823037633e+00 1.630160000000000053e+00
1.334582502555725414e+00 1.705044000000000004e+00
1.363795059788775355e+00 1.782512000000000096e+00
1.393646643680787944e+00 1.865987000000000062e+00
1.424152486855072564e+00 1.956234999999999946e+00
1.455324450032890349e+00 2.048430000000000195e+00
1.487179029585939727e+00 2.132245999999999864e+00
1.519733742648287977e+00 2.196035000000000181e+00
1.552997595959721311e+00 2.233112000000000208e+00
1.586991746055928854e+00 2.245430999999999955e+00
1.621728568046108876e+00 2.241477000000000164e+00
1.657226002538870313e+00 2.231003999999999987e+00
1.693503044918474698e+00 2.222341999999999818e+00
1.730570880722132499e+00 2.223333999999999921e+00
1.768449794594556090e+00 2.241817999999999866e+00
1.807161419272292235e+00 2.283161999999999914e+00
1.846718657952616915e+00 2.347166000000000086e+00
1.887141395956233536e+00 2.428367999999999860e+00
1.928446905999783967e+00 2.520020000000000149e+00
1.970660801980119947e+00 2.617960000000000065e+00
2.013794492272063863e+00 2.721225000000000005e+00
2.057875696076454375e+00 2.829579999999999984e+00
2.102921167794182811e+00 2.940081000000000166e+00
2.148947875120341244e+00 3.045399000000000189e+00
2.195987491655247315e+00 3.136217999999999950e+00
2.244054377925685628e+00 3.206024000000000207e+00
2.293172994677545429e+00 3.252981000000000122e+00
2.343369202504593130e+00 3.276936000000000071e+00
2.394664687077192156e+00 3.275637000000000132e+00
2.447081854888045971e+00 3.245042999999999900e+00
2.500643915808320461e+00 3.184019999999999850e+00
2.555381505681890708e+00 3.098745999999999778e+00
2.611313778074887182e+00 3.002244000000000135e+00
2.668474113132628389e+00 2.908932000000000073e+00
2.726883526623927079e+00 2.828298000000000201e+00
2.786570957242854973e+00 2.761800000000000033e+00
2.847566896465314912e+00 2.703812999999999800e+00
2.909895098281706893e+00 2.645141999999999882e+00
2.973597428432943612e+00 2.577230000000000132e+00
3.038682427299522981e+00 2.495331000000000188e+00
3.105194680180473732e+00 2.399696000000000051e+00
3.173162659491088000e+00 2.294655000000000111e+00
3.242626267866870915e+00 2.186723000000000194e+00
3.313595350363004233e+00 2.083331999999999962e+00
3.386134456627003964e+00 1.991929000000000061e+00
3.460243531939777739e+00 1.918527000000000093e+00
3.535992871438371044e+00 1.866027000000000102e+00
3.613382523514086397e+00 1.833169000000000048e+00
3.692475841976804229e+00 1.814742999999999995e+00
3.773300128292204736e+00 1.803117999999999999e+00
3.855897402281920350e+00 1.790564000000000044e+00
3.940296625529969621e+00 1.771770999999999985e+00
4.026542971266589888e+00 1.745497999999999994e+00
4.114684485993613805e+00 1.714369999999999949e+00
4.204754736656211023e+00 1.683057000000000025e+00
4.296787721499407020e+00 1.656083999999999889e+00
4.390837200929101236e+00 1.636314000000000046e+00
4.486960891648868355e+00 1.624411999999999967e+00
4.585157844058781684e+00 1.619107999999999992e+00
4.685530612914259763e+00 1.617817000000000061e+00
4.788102522851219511e+00 1.617321000000000009e+00
4.892894538551115780e+00 1.614463999999999899e+00
