# frequency(Hz) HVamp
2.000000000000000042e-02 1.153942000000000023e+00
2.043777802275861116e-02 1.144702000000000108e+00
2.088513892042544867e-02 1.145807999999999938e+00
2.134229185993890415e-02 1.153769000000000045e+00
2.180945121728470465e-02 1.163556999999999952e+00
2.228683671448790371e-02 1.171270999999999951e+00
2.277467095838639488e-02 1.175756999999999941e+00
2.327318386720582041e-02 1.178542999999999896e+00
2.378260869151607032e-02 1.182473000000000107e+00
2.430318396985316209e-02 1.189988999999999963e+00
2.483515418061077798e-02 1.202042999999999973e+00
2.537876860438217572e-02 1.218035999999999897e+00
2.593428185548686538e-02 1.236561999999999939e+00
2.650195524800330604e-02 1.256143999999999927e+00
2.708205410122367304e-02 1.275546000000000069e+00
2.767485116257483238e-02 1.293546000000000085e+00
2.828062296556268368e-02 1.308416000000000023e+00
2.889965516642458918e-02 1.317944000000000004e+00
2.953223712425469966e-02 1.320548000000000055e+00
3.017866585007221089e-02 1.316578999999999944e+00
3.083924344304486698e-02 1.308429000000000064e+00
3.151428172097601316e-02 1.299566999999999917e+00
3.220409460893151193e-02 1.293519000000000085e+00
3.290900679366954434e-02 1.292910999999999921e+00
3.362935008254323843e-02 1.298654999999999893e+00
3.436545982617606604e-02 1.309582999999999942e+00
3.511768145762538679e-02 1.322616999999999932e+00
3.588636982920923035e-02 1.333820000000000006e+00
3.667188287528685281e-02 1.340346999999999955e+00
3.747459035401046190e-02 1.342138999999999971e+00
3.829486888200696326e-02 1.342019999999999991e+00
3.913310161841203338e-02 1.343903000000000070e+00
3.998968266187323539e-02 1.350511000000000017e+00
4.086501260624340881e-02 1.361871000000000054e+00
4.175950326235679244e-02 1.374883000000000077e+00
4.267357455111880221e-02 1.384606000000000003e+00
4.360765235805109941e-02 1.387523000000000062e+00
4.456217573218773653e-02 1.384555999999999898e+00
4.553759360593897382e-02 1.380446000000000062e+00
4.653436264861679494e-02 1.379815000000000014e+00
4.755294901990994583e-02 1.383202000000000043e+00
4.859383060501651364e-02 1.386651999999999996e+00
4.965749734357217948e-02 1.385340999999999934e+00
5.074444382592605690e-02 1.376989999999999936e+00
5.185518671652646766e-02 1.363228000000000106e+00
5.299023919793973553e-02 1.348494999999999999e+00
5.415013688613103116e-02 1.336980000000000057e+00
5.533542508618215922e-02 1.330176999999999943e+00
5.654665825930951795e-02 1.326411000000000007e+00
5.778440269534190765e-02 1.322203000000000017e+00
5.904923992113619846e-02 1.314159999999999995e+00
6.034176368113722960e-02 1.300084999999999935e+00
6.166257977365023624e-02 1.279198999999999975e+00
6.301230579922413588e-02 1.252272999999999969e+00
6.439157495481964699e-02 1.221101999999999910e+00
6.580103648476649802e-02 1.188223000000000029e+00
6.724135160227064090e-02 1.157270000000000021e+00
6.871319291929786632e-02 1.132492000000000054e+00
7.021724865648072689e-02 1.117058000000000106e+00
7.175422799231455373e-02 1.111226000000000047e+00
7.332484622679873165e-02 1.111558999999999964e+00
7.492985067379918929e-02 1.112157000000000062e+00
7.656998328017844413e-02 1.107461000000000029e+00
7.824601847091161577e-02 1.094948999999999950e+00
7.995873489609482687e-02 1.076292999999999944e+00
8.170894587125514252e-02 1.056235000000000035e+00
8.349746848200181870e-02 1.039687999999999946e+00
8.532513483931059017e-02 1.029277999999999915e+00
8.719280666320453066e-02 1.025031000000000025e+00
8.910136197668877545e-02 1.025700999999999974e+00
9.105169441740208758e-02 1.029768000000000017e+00
9.304472101470850909e-02 1.035352999999999968e+00
9.508136492722282784e-02 1.040186999999999973e+00
9.716259003207046441e-02 1.042162999999999951e+00
9.928937600698042876e-02 1.040013999999999994e+00
1.014627169666056788e-01 1.033817999999999904e+00
1.036836198025345573e-01 1.025114999999999998e+00
1.059531470945422049e-01 1.016229000000000049e+00
1.082723426204657002e-01 1.009122999999999992e+00
1.106423073612318730e-01 1.004780000000000006e+00
1.130641434367904014e-01 1.003465000000000051e+00
1.155389888050807612e-01 1.005208000000000101e+00
1.180680199308263012e-01 1.009754000000000040e+00
1.206523964642573915e-01 1.016159000000000034e+00
1.232933427266421494e-01 1.022810999999999915e+00
1.259921091142061633e-01 1.028026000000000106e+00
1.287499385219043613e-01 1.030769000000000046e+00
1.315681276210838024e-01 1.030758999999999981e+00
1.344480149355610776e-01 1.027924000000000060e+00
1.373909270603933253e-01 1.022038999999999920e+00
1.403982677661723133e-01 1.012985000000000024e+00
1.434714465996406174e-01 1.001209999999999933e+00
1.466118729226930095e-01 9.881389999999999896e-01
1.498210387691902012e-01 9.763690000000000424e-01
1.531004603883944215e-01 9.692749999999999977e-01
1.564516759885790365e-01 9.697820000000000329e-01
1.598762174374112610e-01 9.789039999999999964e-01
1.633757347823671657e-01 9.950229999999999908e-01
1.669518482487836186e-01 1.014286999999999939e+00
1.706062493069121222e-01 1.031800000000000050e+00
1.743406480276755433e-01 1.043484999999999996e+00
1.781567686922972404e-01 1.048375000000000057e+00
1.820564109071452219e-01 1.049406000000000061e+00
1.860414236112984399e-01 1.051377000000000006e+00
1.901136708649468487e-01 1.057954000000000061e+00
1.942750635716576912e-01 1.069933000000000023e+00
1.985275213739692568e-01 1.084961000000000064e+00
2.028730886819132551e-01 1.098715000000000108e+00
2.073137384534022021e-01 1.107401000000000080e+00
2.118516148918974384e-01 1.110111999999999988e+00
2.164888283105038391e-01 1.109425000000000106e+00
2.212275340673810209e-01 1.109892000000000101e+00
2.260699835805370650e-01 1.115499999999999936e+00
2.310183752015635139e-01 1.127718999999999916e+00
2.360751096568884100e-01 1.145232999999999945e+00
2.412425341466744866e-01 1.165251999999999954e+00
2.465230998307618715e-01 1.185040000000000093e+00
2.519191833183147544e-01 1.202333000000000096e+00
2.574334553825345373e-01 1.215124000000000093e+00
2.630683822583526066e-01 1.222062999999999899e+00
2.688266710467492326e-01 1.223403999999999936e+00
2.747110108843249798e-01 1.221146999999999982e+00
2.807241335168895180e-01 1.217948999999999948e+00
2.868688920234096495e-01 1.215923000000000087e+00
2.931481028187655768e-01 1.215929000000000038e+00
2.995647922697904919e-01 1.217306999999999917e+00
3.061219491886544297e-01 1.218317000000000094e+00
3.128225983045015424e-01 1.217208000000000068e+00
3.196699982673885665e-01 1.213224999999999998e+00
3.266672524899394969e-01 1.206725000000000048e+00
3.338175913859038335e-01 1.198140999999999901e+00
3.411245032800827026e-01 1.186412000000000022e+00
3.485912903071751723e-01 1.168496999999999897e+00
3.562216425308692980e-01 1.141189999999999927e+00
3.640189144227933826e-01 1.103969999999999896e+00
3.719868599361595973e-01 1.060225999999999891e+00
3.801292743636255911e-01 1.016080000000000094e+00
3.884498326752345854e-01 9.780429999999999957e-01
3.969526737144291051e-01 9.508429999999999938e-01
4.056414997215270768e-01 9.359370000000000189e-01
4.145204868460213854e-01 9.311749999999999750e-01
4.235940173275368759e-01 9.320129999999999804e-01
4.328659535344370757e-01 9.338260000000000449e-01
4.423408678727827614e-01 9.339530000000000332e-01
4.520233696082087693e-01 9.322150000000000158e-01
4.619176604055267865e-01 9.296560000000000379e-01
4.720285331807737017e-01 9.268300000000000427e-01
4.823605567984378673e-01 9.233780000000000321e-01
4.929189725005434508e-01 9.189349999999999463e-01
5.037085542305222985e-01 9.138800000000000257e-01
5.147340034826902722e-01 9.091519999999999602e-01
5.260010193899755659e-01 9.056650000000000533e-01
5.375147682182568332e-01 9.039519999999999778e-01
5.492803329078241870e-01 9.041759999999999797e-01
5.613033013614973088e-01 9.063679999999999515e-01
5.735898580135665448e-01 9.105750000000000233e-01
5.861448258358571417e-01 9.167279999999999873e-01
5.989749143316128732e-01 9.244860000000000300e-01
6.120861303119130570e-01 9.335919999999999774e-01
6.254839682204105245e-01 9.445810000000000040e-01
6.391749019026319312e-01 9.590060000000000251e-01
6.531657310067570110e-01 9.787169999999999481e-01
6.674631727194452191e-01 1.004569999999999963e+00
6.820728740300071591e-01 1.035450999999999899e+00
6.970030263871405118e-01 1.068367000000000067e+00
7.122593364734473020e-01 1.099556999999999896e+00
7.278502433567288765e-01 1.125906000000000073e+00
7.437819826252529687e-01 1.145701999999999998e+00
7.600626595656545526e-01 1.158435000000000104e+00
7.766996323880640540e-01 1.164268999999999998e+00
7.937005574159013976e-01 1.163688000000000056e+00
8.110740810733430006e-01 1.157165999999999917e+00
8.288272757110509703e-01 1.145037000000000083e+00
8.469695429752346350e-01 1.128117999999999954e+00
8.655086161382736787e-01 1.108854999999999924e+00
8.844540397880493732e-01 1.091722000000000081e+00
9.038134601323364326e-01 1.081930000000000058e+00
9.235972635660274488e-01 1.083013000000000003e+00
9.438138195107080852e-01 1.095197999999999894e+00
9.644726842046378312e-01 1.115866999999999942e+00
9.855838648094324972e-01 1.141280000000000072e+00
1.007156856623164121e+00 1.167917000000000094e+00
1.029202594413900052e+00 1.192811000000000066e+00
1.051730412046940843e+00 1.213238999999999956e+00
1.074752242739242414e+00 1.226583999999999897e+00
1.098277132661993116e+00 1.231082999999999927e+00
1.122316821060050707e+00 1.227311000000000041e+00
1.146883687643933891e+00 1.219201999999999897e+00
1.171988078537265165e+00 1.213325999999999905e+00
1.197640647923590596e+00 1.216388000000000025e+00
1.223856887071053556e+00 1.232282000000000100e+00
1.250645645814651763e+00 1.260517000000000110e+00
1.278020601692099190e+00 1.297042000000000028e+00
1.305994514823037633e+00 1.336902000000000035e+00
1.334582502555725414e+00 1.376740999999999993e+00
1.363795059788775355e+00 1.415448999999999957e+00
1.393646643680787944e+00 1.453119999999999967e+00
1.424152486855072564e+00 1.489813000000000054e+00
1.455324450032890349e+00 1.525231000000000003e+00
1.487179029585939727e+00 1.559342000000000006e+00
1.519733742648287977e+00 1.592875000000000041e+00
1.552997595959721311e+00 1.626678000000000068e+00
1.586991746055928854e+00 1.660066999999999959e+00
1.621728568046108876e+00 1.689613999999999949e+00
1.657226002538870313e+00 1.709958000000000089e+00
1.693503044918474698e+00 1.716625000000000068e+00
1.730570880722132499e+00 1.708711000000000091e+00
1.768449794594556090e+00 1.689338000000000006e+00
1.807161419272292235e+00 1.663980999999999932e+00
1.846718657952616915e+00 1.638338000000000072e+00
1.887141395956233536e+00 1.617081999999999908e+00
1.928446905999783967e+00 1.603552000000000088e+00
1.970660801980119947e+00 1.599482999999999988e+00
2.013794492272063863e+00 1.604254000000000069e+00
2.057875696076454375e+00 1.614306000000000019e+00
2.102921167794182811e+00 1.623696999999999946e+00
2.148947875120341244e+00 1.626093000000000011e+00
2.195987491655247315e+00 1.617326000000000041e+00
2.244054377925685628e+00 1.597047000000000105e+00
2.293172994677545429e+00 1.568588000000000093e+00
2.343369202504593130e+00 1.537093999999999960e+00
2.394664687077192156e+00 1.507163999999999948e+00
2.447081854888045971e+00 1.481557999999999931e+00
2.500643915808320461e+00 1.461125999999999925e+00
2.555381505681890708e+00 1.445186000000000082e+00
2.611313778074887182e+00 1.432099999999999929e+00
2.668474113132628389e+00 1.420204000000000022e+00
2.726883526623927079e+00 1.408684999999999965e+00
2.786570957242854973e+00 1.397685999999999984e+00
2.847566896465314912e+00 1.387718000000000007e+00
2.909895098281706893e+00 1.379053000000000084e+00
2.973597428432943612e+00 1.371450000000000058e+00
3.038682427299522981e+00 1.364244000000000012e+00
3.105194680180473732e+00 1.356505999999999990e+00
3.173162659491088000e+00 1.347078999999999915e+00
3.242626267866870915e+00 1.334724000000000022e+00
3.313595350363004233e+00 1.318511999999999906e+00
3.386134456627003964e+00 1.298529000000000044e+00
3.460243531939777739e+00 1.276556999999999942e+00
3.535992871438371044e+00 1.256010000000000071e+00
3.613382523514086397e+00 1.240818999999999894e+00
3.692475841976804229e+00 1.233781999999999934e+00
3.773300128292204736e+00 1.235211000000000059e+00
3.855897402281920350e+00 1.242709999999999981e+00
3.940296625529969621e+00 1.252315000000000067e+00
4.026542971266589888e+00 1.260391000000000039e+00
4.114684485993613805e+00 1.265241999999999978e+00
4.204754736656211023e+00 1.267667000000000099e+00
4.296787721499407020e+00 1.270197000000000020e+00
4.390837200929101236e+00 1.275532000000000110e+00
4.486960891648868355e+00 1.285155000000000047e+00
4.585157844058781684e+00 1.298747000000000096e+00
4.685530612914259763e+00 1.314473000000000003e+00
4.788102522851219511e+00 1.329717000000000038e+00
4.892894538551115780e+00 1.341911999999999994e+00
