# frequency(Hz) HVamp
2.000000000000000042e-02 1.525212999999999930e+00
2.043777802275861116e-02 1.519103000000000092e+00
2.088513892042544867e-02 1.516539000000000081e+00
2.134229185993890415e-02 1.516542999999999974e+00
2.180945121728470465e-02 1.517771999999999899e+00
2.228683671448790371e-02 1.518499000000000043e+00
2.277467095838639488e-02 1.517263999999999946e+00
2.327318386720582041e-02 1.513549000000000033e+00
2.378260869151607032e-02 1.507727999999999957e+00
2.430318396985316209e-02 1.501335000000000086e+00
2.483515418061077798e-02 1.497395999999999949e+00
2.537876860438217572e-02 1.499150999999999900e+00
2.593428185548686538e-02 1.507868999999999904e+00
2.650195524800330604e-02 1.521895999999999916e+00
2.708205410122367304e-02 1.538156000000000079e+00
2.767485116257483238e-02 1.554823999999999984e+00
2.828062296556268368e-02 1.572184999999999944e+00
2.889965516642458918e-02 1.591061000000000059e+00
2.953223712425469966e-02 1.611137000000000041e+00
3.017866585007221089e-02 1.630934000000000106e+00
3.083924344304486698e-02 1.648886999999999992e+00
3.151428172097601316e-02 1.664206000000000074e+00
3.220409460893151193e-02 1.676909999999999901e+00
3.290900679366954434e-02 1.687284999999999924e+00
3.362935008254323843e-02 1.695254000000000039e+00
3.436545982617606604e-02 1.700040999999999913e+00
3.511768145762538679e-02 1.700244000000000089e+00
3.588636982920923035e-02 1.694234999999999935e+00
3.667188287528685281e-02 1.680936999999999903e+00
3.747459035401046190e-02 1.660617999999999927e+00
3.829486888200696326e-02 1.634946000000000010e+00
3.913310161841203338e-02 1.606435999999999975e+00
3.998968266187323539e-02 1.577792000000000083e+00
4.086501260624340881e-02 1.551104000000000038e+00
4.175950326235679244e-02 1.527198999999999973e+00
4.267357455111880221e-02 1.505854000000000026e+00
4.360765235805109941e-02 1.486845999999999890e+00
4.456217573218773653e-02 1.470868999999999982e+00
4.553759360593897382e-02 1.459354999999999958e+00
4.653436264861679494e-02 1.453098000000000001e+00
4.755294901990994583e-02 1.450892000000000071e+00
4.859383060501651364e-02 1.449513999999999969e+00
4.965749734357217948e-02 1.445346999999999937e+00
5.074444382592605690e-02 1.436827000000000076e+00
5.185518671652646766e-02 1.425340000000000051e+00
5.299023919793973553e-02 1.413898000000000099e+00
5.415013688613103116e-02 1.405237999999999987e+00
5.533542508618215922e-02 1.400716000000000072e+00
5.654665825930951795e-02 1.400211000000000094e+00
5.778440269534190765e-02 1.402285000000000004e+00
5.904923992113619846e-02 1.404381000000000101e+00
6.034176368113722960e-02 1.404093000000000035e+00
6.166257977365023624e-02 1.401091000000000086e+00
6.301230579922413588e-02 1.397127000000000008e+00
6.439157495481964699e-02 1.394009000000000054e+00
6.580103648476649802e-02 1.392333000000000043e+00
6.724135160227064090e-02 1.391536000000000106e+00
6.871319291929786632e-02 1.390559000000000101e+00
7.021724865648072689e-02 1.388922999999999908e+00
7.175422799231455373e-02 1.387027000000000010e+00
7.332484622679873165e-02 1.384984999999999911e+00
7.492985067379918929e-02 1.381715999999999944e+00
7.656998328017844413e-02 1.375502999999999920e+00
7.824601847091161577e-02 1.365466999999999986e+00
7.995873489609482687e-02 1.352921000000000040e+00
8.170894587125514252e-02 1.341215999999999964e+00
8.349746848200181870e-02 1.333574000000000037e+00
8.532513483931059017e-02 1.331236000000000086e+00
8.719280666320453066e-02 1.333490000000000064e+00
8.910136197668877545e-02 1.338607000000000102e+00
9.105169441740208758e-02 1.344392000000000031e+00
9.304472101470850909e-02 1.348217999999999916e+00
9.508136492722282784e-02 1.347348999999999908e+00
9.716259003207046441e-02 1.339711000000000096e+00
9.928937600698042876e-02 1.324462000000000028e+00
1.014627169666056788e-01 1.302342000000000111e+00
1.036836198025345573e-01 1.275819999999999954e+00
1.059531470945422049e-01 1.248286000000000007e+00
1.082723426204657002e-01 1.222441000000000111e+00
1.106423073612318730e-01 1.199300999999999950e+00
1.130641434367904014e-01 1.178744999999999932e+00
1.155389888050807612e-01 1.160774999999999890e+00
1.180680199308263012e-01 1.146061999999999914e+00
1.206523964642573915e-01 1.135518999999999945e+00
1.232933427266421494e-01 1.129755000000000065e+00
1.259921091142061633e-01 1.128935999999999940e+00
1.287499385219043613e-01 1.132899000000000100e+00
1.315681276210838024e-01 1.141232000000000024e+00
1.344480149355610776e-01 1.153315000000000090e+00
1.373909270603933253e-01 1.168376999999999999e+00
1.403982677661723133e-01 1.185794000000000015e+00
1.434714465996406174e-01 1.205627000000000004e+00
1.466118729226930095e-01 1.228923999999999905e+00
1.498210387691902012e-01 1.257041000000000075e+00
1.531004603883944215e-01 1.290259999999999962e+00
1.564516759885790365e-01 1.326926999999999968e+00
1.598762174374112610e-01 1.364055000000000017e+00
1.633757347823671657e-01 1.398970999999999965e+00
1.669518482487836186e-01 1.430603999999999987e+00
1.706062493069121222e-01 1.459468999999999905e+00
1.743406480276755433e-01 1.486618999999999913e+00
1.781567686922972404e-01 1.512334999999999985e+00
1.820564109071452219e-01 1.535419000000000089e+00
1.860414236112984399e-01 1.553654000000000091e+00
1.901136708649468487e-01 1.565287000000000095e+00
1.942750635716576912e-01 1.570362999999999953e+00
1.985275213739692568e-01 1.570721000000000034e+00
2.028730886819132551e-01 1.568661000000000083e+00
2.073137384534022021e-01 1.565171000000000090e+00
2.118516148918974384e-01 1.559158000000000044e+00
2.164888283105038391e-01 1.548415000000000097e+00
2.212275340673810209e-01 1.531474999999999920e+00
2.260699835805370650e-01 1.508839999999999959e+00
2.310183752015635139e-01 1.483114000000000043e+00
2.360751096568884100e-01 1.458302999999999905e+00
2.412425341466744866e-01 1.438523999999999914e+00
2.465230998307618715e-01 1.426058000000000048e+00
2.519191833183147544e-01 1.419634999999999980e+00
2.574334553825345373e-01 1.414744999999999919e+00
2.630683822583526066e-01 1.406428999999999929e+00
2.688266710467492326e-01 1.392538999999999971e+00
2.747110108843249798e-01 1.374737000000000098e+00
2.807241335168895180e-01 1.356881000000000004e+00
2.868688920234096495e-01 1.342800999999999911e+00
2.931481028187655768e-01 1.334799999999999986e+00
2.995647922697904919e-01 1.332705000000000028e+00
3.061219491886544297e-01 1.333693000000000017e+00
3.128225983045015424e-01 1.333509000000000055e+00
3.196699982673885665e-01 1.328670999999999935e+00
3.266672524899394969e-01 1.318106000000000000e+00
3.338175913859038335e-01 1.302928000000000086e+00
3.411245032800827026e-01 1.284918000000000005e+00
3.485912903071751723e-01 1.265463000000000005e+00
3.562216425308692980e-01 1.245560999999999918e+00
3.640189144227933826e-01 1.226167999999999925e+00
3.719868599361595973e-01 1.208185999999999982e+00
3.801292743636255911e-01 1.192264999999999908e+00
3.884498326752345854e-01 1.178728999999999916e+00
3.969526737144291051e-01 1.167618999999999962e+00
4.056414997215270768e-01 1.158649000000000040e+00
4.145204868460213854e-01 1.151246999999999909e+00
4.235940173275368759e-01 1.145003999999999911e+00
4.328659535344370757e-01 1.140039000000000025e+00
4.423408678727827614e-01 1.136649000000000020e+00
4.520233696082087693e-01 1.134390000000000009e+00
4.619176604055267865e-01 1.131504000000000065e+00
4.720285331807737017e-01 1.125254999999999894e+00
4.823605567984378673e-01 1.113010000000000055e+00
4.929189725005434508e-01 1.093595000000000095e+00
5.037085542305222985e-01 1.068192999999999948e+00
5.147340034826902722e-01 1.039895000000000014e+00
5.260010193899755659e-01 1.012040000000000051e+00
5.375147682182568332e-01 9.866819999999999480e-01
5.492803329078241870e-01 9.642819999999999725e-01
5.613033013614973088e-01 9.445270000000000055e-01
5.735898580135665448e-01 9.272930000000000339e-01
5.861448258358571417e-01 9.130000000000000338e-01
5.989749143316128732e-01 9.022430000000000172e-01
6.120861303119130570e-01 8.949479999999999658e-01
6.254839682204105245e-01 8.896969999999999601e-01
6.391749019026319312e-01 8.840029999999999832e-01
6.531657310067570110e-01 8.757009999999999517e-01
6.674631727194452191e-01 8.644589999999999774e-01
6.820728740300071591e-01 8.520870000000000388e-01
6.970030263871405118e-01 8.413859999999999673e-01
7.122593364734473020e-01 8.343840000000000146e-01
7.278502433567288765e-01 8.310499999999999554e-01
7.437819826252529687e-01 8.290870000000000184e-01
7.600626595656545526e-01 8.248919999999999586e-01
7.766996323880640540e-01 8.152540000000000342e-01
7.937005574159013976e-01 7.988490000000000313e-01
8.110740810733430006e-01 7.766469999999999763e-01
8.288272757110509703e-01 7.512109999999999621e-01
8.469695429752346350e-01 7.256430000000000380e-01
8.655086161382736787e-01 7.029279999999999973e-01
8.844540397880493732e-01 6.856860000000000177e-01
9.038134601323364326e-01 6.759319999999999773e-01
9.235972635660274488e-01 6.746480000000000254e-01
9.438138195107080852e-01 6.814400000000000457e-01
9.644726842046378312e-01 6.946569999999999689e-01
9.855838648094324972e-01 7.121300000000000407e-01
1.007156856623164121e+00 7.321710000000000163e-01
1.029202594413900052e+00 7.540379999999999860e-01
1.051730412046940843e+00 7.775069999999999482e-01
1.074752242739242414e+00 8.021470000000000544e-01
1.098277132661993116e+00 8.272629999999999706e-01
1.122316821060050707e+00 8.527569999999999872e-01
1.146883687643933891e+00 8.800419999999999909e-01
1.171988078537265165e+00 9.118849999999999456e-01
1.197640647923590596e+00 9.510260000000000380e-01
1.223856887071053556e+00 9.983750000000000124e-01
1.250645645814651763e+00 1.051811000000000051e+00
1.278020601692099190e+00 1.106397999999999993e+00
1.305994514823037633e+00 1.156066000000000038e+00
1.334582502555725414e+00 1.195670999999999928e+00
1.363795059788775355e+00 1.222461999999999938e+00
1.393646643680787944e+00 1.236984000000000083e+00
1.424152486855072564e+00 1.243505000000000082e+00
1.455324450032890349e+00 1.249419000000000057e+00
1.487179029585939727e+00 1.263033000000000072e+00
1.519733742648287977e+00 1.290243999999999946e+00
1.552997595959721311e+00 1.331811000000000078e+00
1.586991746055928854e+00 1.382711000000000023e+00
1.621728568046108876e+00 1.433986999999999901e+00
1.657226002538870313e+00 1.476512999999999964e+00
1.693503044918474698e+00 1.504742000000000024e+00
1.730570880722132499e+00 1.518207000000000084e+00
1.768449794594556090e+00 1.520297999999999927e+00
1.807161419272292235e+00 1.515636999999999901e+00
1.846718657952616915e+00 1.507916999999999952e+00
1.887141395956233536e+00 1.499357000000000051e+00
1.928446905999783967e+00 1.491497000000000073e+00
1.970660801980119947e+00 1.486053000000000068e+00
2.013794492272063863e+00 1.484790000000000054e+00
2.057875696076454375e+00 1.488431999999999977e+00
2.102921167794182811e+00 1.495473000000000052e+00
2.148947875120341244e+00 1.502018999999999993e+00
2.195987491655247315e+00 1.503185999999999911e+00
2.244054377925685628e+00 1.495546999999999960e+00
2.293172994677545429e+00 1.479082999999999926e+00
2.343369202504593130e+00 1.457125000000000004e+00
2.394664687077192156e+00 1.434328000000000047e+00
2.447081854888045971e+00 1.414520999999999917e+00
2.500643915808320461e+00 1.399713999999999903e+00
2.555381505681890708e+00 1.390136000000000038e+00
2.611313778074887182e+00 1.384768999999999917e+00
2.668474113132628389e+00 1.382085000000000008e+00
2.726883526623927079e+00 1.380697000000000063e+00
2.786570957242854973e+00 1.379615000000000036e+00
2.847566896465314912e+00 1.378130999999999995e+00
2.909895098281706893e+00 1.375790999999999986e+00
2.973597428432943612e+00 1.372630000000000017e+00
3.038682427299522981e+00 1.369283999999999946e+00
3.105194680180473732e+00 1.366624000000000061e+00
3.173162659491088000e+00 1.365027999999999908e+00
3.242626267866870915e+00 1.363736000000000059e+00
3.313595350363004233e+00 1.360791000000000084e+00
3.386134456627003964e+00 1.353904999999999914e+00
3.460243531939777739e+00 1.342041999999999957e+00
3.535992871438371044e+00 1.326518000000000086e+00
3.613382523514086397e+00 1.310565999999999898e+00
3.692475841976804229e+00 1.297569999999999890e+00
3.773300128292204736e+00 1.289120000000000044e+00
3.855897402281920350e+00 1.284305000000000030e+00
3.940296625529969621e+00 1.280737999999999932e+00
4.026542971266589888e+00 1.276235000000000008e+00
4.114684485993613805e+00 1.270061000000000107e+00
4.204754736656211023e+00 1.263252999999999959e+00
4.296787721499407020e+00 1.257951999999999959e+00
4.390837200929101236e+00 1.256137999999999977e+00
4.486960891648868355e+00 1.258504999999999985e+00
4.585157844058781684e+00 1.264110999999999985e+00
4.685530612914259763e+00 1.270836999999999994e+00
4.788102522851219511e+00 1.276248999999999967e+00
4.892894538551115780e+00 1.278367999999999949e+00
