# frequency(Hz) HVamp
2.000000000000000042e-02 2.048373999999999917e+00
2.043777802275861116e-02 1.971378000000000075e+00
2.088513892042544867e-02 1.886158000000000001e+00
2.134229185993890415e-02 1.795420999999999934e+00
2.180945121728470465e-02 1.703570999999999946e+00
2.228683671448790371e-02 1.616856999999999989e+00
2.277467095838639488e-02 1.541624000000000105e+00
2.327318386720582041e-02 1.481306999999999929e+00
2.378260869151607032e-02 1.435105000000000075e+00
2.430318396985316209e-02 1.399542000000000064e+00
2.483515418061077798e-02 1.370551000000000075e+00
2.537876860438217572e-02 1.344568999999999903e+00
2.593428185548686538e-02 1.319207000000000019e+00
2.650195524800330604e-02 1.293935999999999975e+00
2.708205410122367304e-02 1.270626000000000033e+00
2.767485116257483238e-02 1.252842000000000011e+00
2.828062296556268368e-02 1.243568000000000007e+00
2.889965516642458918e-02 1.243047999999999931e+00
2.953223712425469966e-02 1.248812000000000033e+00
3.017866585007221089e-02 1.257764000000000104e+00
3.083924344304486698e-02 1.268186000000000035e+00
3.151428172097601316e-02 1.279813000000000089e+00
3.220409460893151193e-02 1.292515000000000081e+00
3.290900679366954434e-02 1.305376000000000092e+00
3.362935008254323843e-02 1.316875000000000018e+00
3.436545982617606604e-02 1.326003999999999960e+00
3.511768145762538679e-02 1.333647000000000027e+00
3.588636982920923035e-02 1.343026000000000053e+00
3.667188287528685281e-02 1.358435000000000059e+00
3.747459035401046190e-02 1.383045000000000080e+00
3.829486888200696326e-02 1.417465999999999893e+00
3.913310161841203338e-02 1.459994999999999932e+00
3.998968266187323539e-02 1.507773999999999948e+00
4.086501260624340881e-02 1.557647000000000004e+00
4.175950326235679244e-02 1.606505000000000072e+00
4.267357455111880221e-02 1.651410000000000045e+00
4.360765235805109941e-02 1.689691999999999972e+00
4.456217573218773653e-02 1.719078000000000106e+00
4.553759360593897382e-02 1.738070000000000004e+00
4.653436264861679494e-02 1.746693999999999969e+00
4.755294901990994583e-02 1.747395000000000032e+00
4.859383060501651364e-02 1.745293999999999901e+00
4.965749734357217948e-02 1.746771000000000074e+00
5.074444382592605690e-02 1.756693999999999978e+00
5.185518671652646766e-02 1.776172000000000084e+00
5.299023919793973553e-02 1.802340999999999971e+00
5.415013688613103116e-02 1.830319999999999947e+00
5.533542508618215922e-02 1.856265999999999972e+00
5.654665825930951795e-02 1.879540999999999906e+00
5.778440269534190765e-02 1.902339000000000002e+00
5.904923992113619846e-02 1.927281000000000022e+00
6.034176368113722960e-02 1.955081999999999987e+00
6.166257977365023624e-02 1.984118000000000048e+00
6.301230579922413588e-02 2.011892000000000014e+00
6.439157495481964699e-02 2.036458999999999797e+00
6.580103648476649802e-02 2.056299999999999795e+00
6.724135160227064090e-02 2.069402000000000186e+00
6.871319291929786632e-02 2.073237000000000219e+00
7.021724865648072689e-02 2.065897999999999790e+00
7.175422799231455373e-02 2.047285000000000021e+00
7.332484622679873165e-02 2.019890999999999881e+00
7.492985067379918929e-02 1.989629000000000092e+00
7.656998328017844413e-02 1.966380999999999935e+00
7.824601847091161577e-02 1.962488000000000010e+00
7.995873489609482687e-02 1.988277999999999990e+00
8.170894587125514252e-02 2.046603000000000172e+00
8.349746848200181870e-02 2.129309000000000118e+00
8.532513483931059017e-02 2.217388000000000137e+00
8.719280666320453066e-02 2.285953000000000124e+00
8.910136197668877545e-02 2.313884999999999970e+00
9.105169441740208758e-02 2.294138999999999928e+00
9.304472101470850909e-02 2.237337999999999827e+00
9.508136492722282784e-02 2.164321999999999857e+00
9.716259003207046441e-02 2.093034999999999979e+00
9.928937600698042876e-02 2.030543999999999905e+00
1.014627169666056788e-01 1.974496000000000029e+00
1.036836198025345573e-01 1.919607999999999981e+00
1.059531470945422049e-01 1.863277999999999990e+00
1.082723426204657002e-01 1.807395000000000085e+00
1.106423073612318730e-01 1.756418999999999953e+00
1.130641434367904014e-01 1.713767000000000040e+00
1.155389888050807612e-01 1.679807999999999968e+00
1.180680199308263012e-01 1.652557000000000054e+00
1.206523964642573915e-01 1.629218999999999973e+00
1.232933427266421494e-01 1.607070999999999916e+00
1.259921091142061633e-01 1.584098999999999924e+00
1.287499385219043613e-01 1.559874999999999901e+00
1.315681276210838024e-01 1.535706000000000016e+00
1.344480149355610776e-01 1.513282000000000016e+00
1.373909270603933253e-01 1.492906000000000066e+00
1.403982677661723133e-01 1.473019000000000078e+00
1.434714465996406174e-01 1.451449999999999907e+00
1.466118729226930095e-01 1.427443000000000017e+00
1.498210387691902012e-01 1.402768999999999933e+00
1.531004603883944215e-01 1.380710000000000104e+00
1.564516759885790365e-01 1.363725000000000076e+00
1.598762174374112610e-01 1.352023999999999893e+00
1.633757347823671657e-01 1.344281999999999977e+00
1.669518482487836186e-01 1.339520000000000044e+00
1.706062493069121222e-01 1.338181999999999983e+00
1.743406480276755433e-01 1.341593000000000035e+00
1.781567686922972404e-01 1.350635999999999948e+00
1.820564109071452219e-01 1.364967999999999959e+00
1.860414236112984399e-01 1.383402999999999938e+00
1.901136708649468487e-01 1.404765999999999959e+00
1.942750635716576912e-01 1.427956999999999921e+00
1.985275213739692568e-01 1.451087999999999933e+00
2.028730886819132551e-01 1.471211000000000046e+00
2.073137384534022021e-01 1.485559000000000074e+00
2.118516148918974384e-01 1.493130000000000068e+00
2.164888283105038391e-01 1.494803000000000104e+00
2.212275340673810209e-01 1.492132999999999932e+00
2.260699835805370650e-01 1.486690999999999985e+00
2.310183752015635139e-01 1.480499000000000009e+00
2.360751096568884100e-01 1.476294999999999913e+00
2.412425341466744866e-01 1.476865000000000094e+00
2.465230998307618715e-01 1.483762000000000025e+00
2.519191833183147544e-01 1.496026000000000078e+00
2.574334553825345373e-01 1.509765999999999941e+00
2.630683822583526066e-01 1.519581000000000071e+00
2.688266710467492326e-01 1.521449000000000051e+00
2.747110108843249798e-01 1.515112000000000014e+00
2.807241335168895180e-01 1.504496000000000056e+00
2.868688920234096495e-01 1.495784999999999920e+00
2.931481028187655768e-01 1.493897999999999948e+00
2.995647922697904919e-01 1.499627000000000043e+00
3.061219491886544297e-01 1.509516999999999998e+00
3.128225983045015424e-01 1.518091999999999997e+00
3.196699982673885665e-01 1.520210999999999979e+00
3.266672524899394969e-01 1.512634999999999952e+00
3.338175913859038335e-01 1.495136999999999938e+00
3.411245032800827026e-01 1.470849000000000073e+00
3.485912903071751723e-01 1.445594999999999963e+00
3.562216425308692980e-01 1.426377999999999924e+00
3.640189144227933826e-01 1.419111000000000011e+00
3.719868599361595973e-01 1.426393000000000022e+00
3.801292743636255911e-01 1.446636999999999951e+00
3.884498326752345854e-01 1.475022999999999973e+00
3.969526737144291051e-01 1.505608999999999975e+00
4.056414997215270768e-01 1.533390000000000031e+00
4.145204868460213854e-01 1.555674000000000001e+00
4.235940173275368759e-01 1.573031000000000068e+00
4.328659535344370757e-01 1.589476000000000111e+00
4.423408678727827614e-01 1.610672000000000104e+00
4.520233696082087693e-01 1.640323999999999893e+00
4.619176604055267865e-01 1.676998999999999906e+00
4.720285331807737017e-01 1.714849999999999985e+00
4.823605567984378673e-01 1.748798999999999992e+00
4.929189725005434508e-01 1.778607999999999967e+00
5.037085542305222985e-01 1.808189000000000046e+00
5.147340034826902722e-01 1.842629999999999990e+00
5.260010193899755659e-01 1.885216999999999921e+00
5.375147682182568332e-01 1.935402000000000067e+00
5.492803329078241870e-01 1.988992000000000093e+00
5.613033013614973088e-01 2.040869999999999962e+00
5.735898580135665448e-01 2.088324000000000069e+00
5.861448258358571417e-01 2.132476000000000038e+00
5.989749143316128732e-01 2.176737999999999840e+00
6.120861303119130570e-01 2.223361999999999838e+00
6.254839682204105245e-01 2.271039000000000030e+00
6.391749019026319312e-01 2.316053999999999835e+00
6.531657310067570110e-01 2.356149999999999967e+00
6.674631727194452191e-01 2.392694999999999794e+00
6.820728740300071591e-01 2.428895999999999944e+00
6.970030263871405118e-01 2.466687999999999992e+00
7.122593364734473020e-01 2.505256000000000149e+00
7.278502433567288765e-01 2.541285999999999934e+00
7.437819826252529687e-01 2.570053000000000143e+00
7.600626595656545526e-01 2.587045999999999957e+00
7.766996323880640540e-01 2.589456999999999898e+00
7.937005574159013976e-01 2.576586999999999961e+00
8.110740810733430006e-01 2.549666999999999906e+00
8.288272757110509703e-01 2.511827999999999950e+00
8.469695429752346350e-01 2.467690999999999857e+00
8.655086161382736787e-01 2.421987999999999808e+00
8.844540397880493732e-01 2.377816999999999847e+00
9.038134601323364326e-01 2.335658000000000012e+00
9.235972635660274488e-01 2.293934000000000140e+00
9.438138195107080852e-01 2.251041999999999987e+00
9.644726842046378312e-01 2.207403999999999922e+00
9.855838648094324972e-01 2.165684000000000164e+00
1.007156856623164121e+00 2.128744000000000192e+00
1.029202594413900052e+00 2.097080000000000055e+00
1.051730412046940843e+00 2.067587000000000064e+00
1.074752242739242414e+00 2.034339000000000119e+00
1.098277132661993116e+00 1.991360000000000019e+00
1.122316821060050707e+00 1.936322000000000099e+00
1.146883687643933891e+00 1.872689000000000048e+00
1.171988078537265165e+00 1.808286000000000060e+00
1.197640647923590596e+00 1.751195000000000057e+00
1.223856887071053556e+00 1.706207000000000029e+00
1.250645645814651763e+00 1.673974000000000073e+00
1.278020601692099190e+00 1.652281000000000111e+00
1.305994514823037633e+00 1.637791999999999915e+00
1.334582502555725414e+00 1.627102999999999966e+00
1.363795059788775355e+00 1.617005000000000026e+00
1.393646643680787944e+00 1.604700000000000015e+00
1.424152486855072564e+00 1.588721000000000050e+00
1.455324450032890349e+00 1.570030000000000037e+00
1.487179029585939727e+00 1.551967000000000096e+00
1.519733742648287977e+00 1.538478999999999930e+00
1.552997595959721311e+00 1.531876999999999933e+00
1.586991746055928854e+00 1.531876000000000015e+00
1.621728568046108876e+00 1.536353999999999997e+00
1.657226002538870313e+00 1.542817000000000105e+00
1.693503044918474698e+00 1.549473000000000100e+00
1.730570880722132499e+00 1.555744000000000016e+00
1.768449794594556090e+00 1.562213000000000074e+00
1.807161419272292235e+00 1.569835000000000091e+00
1.846718657952616915e+00 1.579115999999999964e+00
1.887141395956233536e+00 1.589995000000000047e+00
1.928446905999783967e+00 1.602168000000000037e+00
1.970660801980119947e+00 1.615318000000000032e+00
2.013794492272063863e+00 1.629251000000000005e+00
2.057875696076454375e+00 1.643950000000000022e+00
2.102921167794182811e+00 1.659423000000000092e+00
2.148947875120341244e+00 1.675319000000000003e+00
2.195987491655247315e+00 1.690442000000000000e+00
2.244054377925685628e+00 1.702417000000000069e+00
2.293172994677545429e+00 1.707932000000000006e+00
2.343369202504593130e+00 1.703959999999999919e+00
2.394664687077192156e+00 1.689543999999999935e+00
2.447081854888045971e+00 1.666767000000000110e+00
2.500643915808320461e+00 1.639850000000000030e+00
2.555381505681890708e+00 1.612991999999999981e+00
2.611313778074887182e+00 1.588462999999999958e+00
2.668474113132628389e+00 1.565906999999999938e+00
2.726883526623927079e+00 1.543080999999999925e+00
2.786570957242854973e+00 1.517597000000000085e+00
2.847566896465314912e+00 1.488688000000000011e+00
2.909895098281706893e+00 1.457988000000000062e+00
2.973597428432943612e+00 1.428882999999999903e+00
3.038682427299522981e+00 1.404911000000000021e+00
3.105194680180473732e+00 1.388406000000000029e+00
3.173162659491088000e+00 1.380066999999999933e+00
3.242626267866870915e+00 1.379253000000000062e+00
3.313595350363004233e+00 1.384609999999999896e+00
3.386134456627003964e+00 1.394643999999999995e+00
3.460243531939777739e+00 1.407974000000000059e+00
3.535992871438371044e+00 1.423256000000000077e+00
3.613382523514086397e+00 1.438803999999999972e+00
3.692475841976804229e+00 1.452085999999999988e+00
3.773300128292204736e+00 1.459757999999999889e+00
3.855897402281920350e+00 1.458795000000000064e+00
3.940296625529969621e+00 1.448132999999999893e+00
4.026542971266589888e+00 1.429546999999999901e+00
4.114684485993613805e+00 1.407111999999999918e+00
4.204754736656211023e+00 1.385723000000000038e+00
4.296787721499407020e+00 1.369480000000000031e+00
4.390837200929101236e+00 1.360581999999999958e+00
4.486960891648868355e+00 1.359134999999999982e+00
4.585157844058781684e+00 1.363906999999999980e+00
4.685530612914259763e+00 1.373463000000000100e+00
4.788102522851219511e+00 1.386919000000000013e+00
4.892894538551115780e+00 1.403856999999999911e+00
