# frequency(Hz) HVamp
2.000000000000000042e-02 1.290365999999999902e+00
2.043777802275861116e-02 1.284018000000000104e+00
2.088513892042544867e-02 1.286869000000000041e+00
2.134229185993890415e-02 1.295538999999999996e+00
2.180945121728470465e-02 1.305207999999999924e+00
2.228683671448790371e-02 1.312071999999999905e+00
2.277467095838639488e-02 1.315023000000000053e+00
2.327318386720582041e-02 1.315611000000000086e+00
2.378260869151607032e-02 1.316648999999999958e+00
2.430318396985316209e-02 1.320618999999999987e+00
2.483515418061077798e-02 1.328818999999999972e+00
2.537876860438217572e-02 1.341180999999999957e+00
2.593428185548686538e-02 1.356578999999999979e+00
2.650195524800330604e-02 1.373348000000000013e+00
2.708205410122367304e-02 1.389882000000000062e+00
2.767485116257483238e-02 1.404951999999999979e+00
2.828062296556268368e-02 1.417329000000000061e+00
2.889965516642458918e-02 1.425381000000000009e+00
2.953223712425469966e-02 1.427672000000000052e+00
3.017866585007221089e-02 1.424106000000000094e+00
3.083924344304486698e-02 1.416338000000000097e+00
3.151428172097601316e-02 1.407337999999999978e+00
3.220409460893151193e-02 1.400632000000000099e+00
3.290900679366954434e-02 1.399213999999999958e+00
3.362935008254323843e-02 1.404355999999999938e+00
3.436545982617606604e-02 1.414881000000000055e+00
3.511768145762538679e-02 1.427192000000000016e+00
3.588636982920923035e-02 1.436471000000000053e+00
3.667188287528685281e-02 1.438998999999999917e+00
3.747459035401046190e-02 1.434255000000000058e+00
3.829486888200696326e-02 1.425184000000000006e+00
3.913310161841203338e-02 1.416374000000000022e+00
3.998968266187323539e-02 1.411664000000000030e+00
4.086501260624340881e-02 1.412414999999999976e+00
4.175950326235679244e-02 1.416700000000000070e+00
4.267357455111880221e-02 1.420164999999999900e+00
4.360765235805109941e-02 1.419113000000000069e+00
4.456217573218773653e-02 1.413656000000000024e+00
4.553759360593897382e-02 1.407485000000000097e+00
4.653436264861679494e-02 1.404320000000000013e+00
4.755294901990994583e-02 1.404207999999999901e+00
4.859383060501651364e-02 1.403362999999999916e+00
4.965749734357217948e-02 1.397737000000000007e+00
5.074444382592605690e-02 1.385871999999999993e+00
5.185518671652646766e-02 1.369890000000000052e+00
5.299023919793973553e-02 1.354451999999999989e+00
5.415013688613103116e-02 1.343822999999999990e+00
5.533542508618215922e-02 1.339385000000000048e+00
5.654665825930951795e-02 1.339053000000000049e+00
5.778440269534190765e-02 1.338587999999999889e+00
5.904923992113619846e-02 1.333587000000000078e+00
6.034176368113722960e-02 1.321056999999999926e+00
6.166257977365023624e-02 1.300289000000000028e+00
6.301230579922413588e-02 1.272813999999999890e+00
6.439157495481964699e-02 1.240971000000000046e+00
6.580103648476649802e-02 1.207262000000000057e+00
6.724135160227064090e-02 1.175005999999999995e+00
6.871319291929786632e-02 1.148281000000000107e+00
7.021724865648072689e-02 1.130673000000000039e+00
7.175422799231455373e-02 1.123324999999999907e+00
7.332484622679873165e-02 1.123396999999999979e+00
7.492985067379918929e-02 1.124692999999999943e+00
7.656998328017844413e-02 1.120616000000000057e+00
7.824601847091161577e-02 1.107602999999999893e+00
7.995873489609482687e-02 1.087164000000000019e+00
8.170894587125514252e-02 1.065061999999999953e+00
8.349746848200181870e-02 1.047714999999999952e+00
8.532513483931059017e-02 1.038745999999999947e+00
8.719280666320453066e-02 1.038133999999999890e+00
8.910136197668877545e-02 1.043600000000000083e+00
9.105169441740208758e-02 1.052181999999999951e+00
9.304472101470850909e-02 1.060912999999999995e+00
9.508136492722282784e-02 1.067202999999999902e+00
9.716259003207046441e-02 1.069295000000000107e+00
9.928937600698042876e-02 1.066440999999999972e+00
1.014627169666056788e-01 1.058963000000000099e+00
1.036836198025345573e-01 1.048337999999999992e+00
1.059531470945422049e-01 1.036732999999999905e+00
1.082723426204657002e-01 1.026013000000000064e+00
1.106423073612318730e-01 1.017176999999999998e+00
1.130641434367904014e-01 1.010704999999999965e+00
1.155389888050807612e-01 1.007120000000000015e+00
1.180680199308263012e-01 1.006898999999999988e+00
1.206523964642573915e-01 1.009832000000000063e+00
1.232933427266421494e-01 1.014693999999999985e+00
1.259921091142061633e-01 1.019681999999999977e+00
1.287499385219043613e-01 1.023268999999999984e+00
1.315681276210838024e-01 1.024675000000000002e+00
1.344480149355610776e-01 1.023649000000000031e+00
1.373909270603933253e-01 1.020180000000000087e+00
1.403982677661723133e-01 1.014547000000000088e+00
1.434714465996406174e-01 1.007543999999999995e+00
1.466118729226930095e-01 1.000726000000000004e+00
1.498210387691902012e-01 9.964549999999999796e-01
1.531004603883944215e-01 9.973880000000000523e-01
1.564516759885790365e-01 1.005328999999999917e+00
1.598762174374112610e-01 1.020188000000000095e+00
1.633757347823671657e-01 1.039849999999999941e+00
1.669518482487836186e-01 1.060893000000000086e+00
1.706062493069121222e-01 1.079530000000000101e+00
1.743406480276755433e-01 1.092813999999999952e+00
1.781567686922972404e-01 1.100260999999999934e+00
1.820564109071452219e-01 1.104406999999999917e+00
1.860414236112984399e-01 1.109170999999999907e+00
1.901136708649468487e-01 1.117645999999999917e+00
1.942750635716576912e-01 1.130805000000000060e+00
1.985275213739692568e-01 1.147002999999999995e+00
2.028730886819132551e-01 1.162474000000000007e+00
2.073137384534022021e-01 1.173200999999999938e+00
2.118516148918974384e-01 1.177208000000000032e+00
2.164888283105038391e-01 1.175675999999999943e+00
2.212275340673810209e-01 1.172260000000000080e+00
2.260699835805370650e-01 1.171172000000000102e+00
2.310183752015635139e-01 1.175273999999999930e+00
2.360751096568884100e-01 1.185211000000000015e+00
2.412425341466744866e-01 1.199888999999999983e+00
2.465230998307618715e-01 1.217287000000000008e+00
2.519191833183147544e-01 1.234513999999999889e+00
2.574334553825345373e-01 1.247800000000000020e+00
2.630683822583526066e-01 1.253786999999999985e+00
2.688266710467492326e-01 1.251589000000000063e+00
2.747110108843249798e-01 1.243441999999999936e+00
2.807241335168895180e-01 1.233230000000000048e+00
2.868688920234096495e-01 1.224529999999999896e+00
2.931481028187655768e-01 1.219255999999999895e+00
2.995647922697904919e-01 1.216974000000000000e+00
3.061219491886544297e-01 1.215282999999999891e+00
3.128225983045015424e-01 1.211222000000000021e+00
3.196699982673885665e-01 1.202903999999999973e+00
3.266672524899394969e-01 1.190207999999999933e+00
3.338175913859038335e-01 1.173920999999999992e+00
3.411245032800827026e-01 1.153909000000000074e+00
3.485912903071751723e-01 1.128258999999999901e+00
3.562216425308692980e-01 1.094805999999999946e+00
3.640189144227933826e-01 1.053738999999999981e+00
3.719868599361595973e-01 1.008669999999999956e+00
3.801292743636255911e-01 9.654300000000000104e-01
3.884498326752345854e-01 9.297440000000000149e-01
3.969526737144291051e-01 9.051479999999999526e-01
4.056414997215270768e-01 8.917680000000000051e-01
4.145204868460213854e-01 8.864210000000000145e-01
4.235940173275368759e-01 8.842449999999999477e-01
4.328659535344370757e-01 8.810860000000000358e-01
4.423408678727827614e-01 8.751719999999999500e-01
4.520233696082087693e-01 8.671250000000000346e-01
4.619176604055267865e-01 8.584439999999999849e-01
4.720285331807737017e-01 8.498400000000000398e-01
4.823605567984378673e-01 8.408740000000000103e-01
4.929189725005434508e-01 8.309069999999999512e-01
5.037085542305222985e-01 8.200049999999999839e-01
5.147340034826902722e-01 8.089269999999999516e-01
5.260010193899755659e-01 7.985179999999999501e-01
5.375147682182568332e-01 7.891899999999999471e-01
5.492803329078241870e-01 7.809369999999999923e-01
5.613033013614973088e-01 7.738369999999999971e-01
5.735898580135665448e-01 7.684349999999999792e-01
5.861448258358571417e-01 7.655349999999999655e-01
5.989749143316128732e-01 7.656389999999999585e-01
6.120861303119130570e-01 7.687850000000000517e-01
6.254839682204105245e-01 7.749169999999999670e-01
6.391749019026319312e-01 7.842400000000000482e-01
6.531657310067570110e-01 7.971549999999999470e-01
6.674631727194452191e-01 8.138429999999999831e-01
6.820728740300071591e-01 8.338959999999999706e-01
6.970030263871405118e-01 8.563039999999999541e-01
7.122593364734473020e-01 8.797059999999999880e-01
7.278502433567288765e-01 9.025670000000000082e-01
7.437819826252529687e-01 9.230789999999999829e-01
7.600626595656545526e-01 9.390560000000000018e-01
7.766996323880640540e-01 9.484470000000000400e-01
7.937005574159013976e-01 9.501720000000000166e-01
8.110740810733430006e-01 9.443439999999999612e-01
8.288272757110509703e-01 9.318380000000000551e-01
8.469695429752346350e-01 9.142360000000000486e-01
8.655086161382736787e-01 8.944339999999999513e-01
8.844540397880493732e-01 8.769090000000000495e-01
9.038134601323364326e-01 8.666289999999999827e-01
9.235972635660274488e-01 8.669069999999999832e-01
9.438138195107080852e-01 8.778869999999999729e-01
9.644726842046378312e-01 8.969310000000000338e-01
9.855838648094324972e-01 9.203299999999999814e-01
1.007156856623164121e+00 9.447830000000000394e-01
1.029202594413900052e+00 9.679079999999999906e-01
1.051730412046940843e+00 9.879210000000000491e-01
1.074752242739242414e+00 1.003211000000000075e+00
1.098277132661993116e+00 1.012621999999999911e+00
1.122316821060050707e+00 1.016569000000000056e+00
1.146883687643933891e+00 1.018105999999999955e+00
1.171988078537265165e+00 1.022685999999999984e+00
1.197640647923590596e+00 1.036208999999999936e+00
1.223856887071053556e+00 1.062335000000000029e+00
1.250645645814651763e+00 1.100695999999999897e+00
1.278020601692099190e+00 1.147234000000000087e+00
1.305994514823037633e+00 1.196477999999999930e+00
1.334582502555725414e+00 1.244088000000000083e+00
1.363795059788775355e+00 1.287951999999999986e+00
1.393646643680787944e+00 1.327746000000000093e+00
1.424152486855072564e+00 1.364014999999999977e+00
1.455324450032890349e+00 1.397707999999999950e+00
1.487179029585939727e+00 1.430233000000000088e+00
1.519733742648287977e+00 1.463362000000000052e+00
1.552997595959721311e+00 1.498390000000000111e+00
1.586991746055928854e+00 1.534696999999999978e+00
1.621728568046108876e+00 1.568742000000000081e+00
1.657226002538870313e+00 1.594864000000000059e+00
1.693503044918474698e+00 1.607966999999999924e+00
1.730570880722132499e+00 1.606219999999999981e+00
1.768449794594556090e+00 1.591769999999999907e+00
1.807161419272292235e+00 1.569396000000000013e+00
1.846718657952616915e+00 1.544540000000000024e+00
1.887141395956233536e+00 1.522075999999999985e+00
1.928446905999783967e+00 1.505935999999999941e+00
1.970660801980119947e+00 1.498750999999999944e+00
2.013794492272063863e+00 1.500988999999999907e+00
2.057875696076454375e+00 1.510154999999999914e+00
2.102921167794182811e+00 1.520964999999999900e+00
2.148947875120341244e+00 1.527031000000000027e+00
2.195987491655247315e+00 1.523414000000000046e+00
2.244054377925685628e+00 1.508691999999999922e+00
2.293172994677545429e+00 1.485397999999999996e+00
2.343369202504593130e+00 1.458463000000000065e+00
2.394664687077192156e+00 1.432720999999999911e+00
2.447081854888045971e+00 1.411254999999999926e+00
2.500643915808320461e+00 1.395113000000000048e+00
2.555381505681890708e+00 1.383707999999999938e+00
2.611313778074887182e+00 1.375478999999999896e+00
2.668474113132628389e+00 1.368808000000000025e+00
2.726883526623927079e+00 1.362776999999999905e+00
2.786570957242854973e+00 1.357256000000000018e+00
2.847566896465314912e+00 1.352408999999999972e+00
2.909895098281706893e+00 1.348222999999999949e+00
2.973597428432943612e+00 1.344378999999999991e+00
3.038682427299522981e+00 1.340398999999999896e+00
3.105194680180473732e+00 1.335712999999999928e+00
3.173162659491088000e+00 1.329539999999999944e+00
3.242626267866870915e+00 1.320829000000000031e+00
3.313595350363004233e+00 1.308483999999999980e+00
3.386134456627003964e+00 1.292094000000000076e+00
3.460243531939777739e+00 1.272869000000000028e+00
3.535992871438371044e+00 1.253835000000000033e+00
3.613382523514086397e+00 1.238858999999999932e+00
3.692475841976804229e+00 1.230947000000000013e+00
3.773300128292204736e+00 1.230757000000000101e+00
3.855897402281920350e+00 1.236261000000000054e+00
3.940296625529969621e+00 1.243832999999999966e+00
4.026542971266589888e+00 1.250091000000000063e+00
4.114684485993613805e+00 1.253424000000000094e+00
4.204754736656211023e+00 1.254528000000000088e+00
4.296787721499407020e+00 1.255681000000000047e+00
4.390837200929101236e+00 1.259271000000000029e+00
4.486960891648868355e+00 1.266461000000000059e+00
4.585157844058781684e+00 1.276631999999999989e+00
4.685530612914259763e+00 1.287741000000000025e+00
4.788102522851219511e+00 1.297134999999999927e+00
4.892894538551115780e+00 1.302432000000000034e+00
