# frequency(Hz) HVamp
2.000000000000000042e-02 1.620197000000000109e+00
2.043777802275861116e-02 1.622157000000000071e+00
2.088513892042544867e-02 1.637712999999999974e+00
2.134229185993890415e-02 1.660109999999999975e+00
2.180945121728470465e-02 1.681429000000000062e+00
2.228683671448790371e-02 1.696266999999999969e+00
2.277467095838639488e-02 1.703413999999999984e+00
2.327318386720582041e-02 1.705368999999999913e+00
2.378260869151607032e-02 1.706115000000000048e+00
2.430318396985316209e-02 1.708866999999999914e+00
2.483515418061077798e-02 1.714927000000000090e+00
2.537876860438217572e-02 1.723297000000000079e+00
2.593428185548686538e-02 1.731106999999999951e+00
2.650195524800330604e-02 1.734656999999999893e+00
2.708205410122367304e-02 1.730563999999999991e+00
2.767485116257483238e-02 1.716760000000000064e+00
2.828062296556268368e-02 1.692636999999999947e+00
2.889965516642458918e-02 1.658619999999999983e+00
2.953223712425469966e-02 1.616365000000000052e+00
3.017866585007221089e-02 1.569291999999999909e+00
3.083924344304486698e-02 1.522699000000000025e+00
3.151428172097601316e-02 1.483014000000000054e+00
3.220409460893151193e-02 1.455997999999999903e+00
3.290900679366954434e-02 1.444587000000000065e+00
3.362935008254323843e-02 1.447775999999999952e+00
3.436545982617606604e-02 1.460909000000000013e+00
3.511768145762538679e-02 1.476828999999999947e+00
3.588636982920923035e-02 1.488334000000000046e+00
3.667188287528685281e-02 1.491732000000000058e+00
3.747459035401046190e-02 1.488615999999999939e+00
3.829486888200696326e-02 1.483899000000000079e+00
3.913310161841203338e-02 1.481810999999999989e+00
3.998968266187323539e-02 1.482907999999999893e+00
4.086501260624340881e-02 1.483824999999999950e+00
4.175950326235679244e-02 1.479325000000000001e+00
4.267357455111880221e-02 1.465270999999999990e+00
4.360765235805109941e-02 1.440814999999999957e+00
4.456217573218773653e-02 1.408406999999999965e+00
4.553759360593897382e-02 1.372127000000000097e+00
4.653436264861679494e-02 1.336173999999999973e+00
4.755294901990994583e-02 1.304575000000000040e+00
4.859383060501651364e-02 1.280813999999999897e+00
4.965749734357217948e-02 1.266467999999999927e+00
5.074444382592605690e-02 1.261184000000000083e+00
5.185518671652646766e-02 1.263681000000000054e+00
5.299023919793973553e-02 1.271647999999999890e+00
5.415013688613103116e-02 1.281360999999999972e+00
5.533542508618215922e-02 1.288624999999999909e+00
5.654665825930951795e-02 1.290839000000000070e+00
5.778440269534190765e-02 1.288129000000000079e+00
5.904923992113619846e-02 1.282297999999999938e+00
6.034176368113722960e-02 1.274688000000000043e+00
6.166257977365023624e-02 1.264410999999999952e+00
6.301230579922413588e-02 1.247621000000000091e+00
6.439157495481964699e-02 1.218809000000000031e+00
6.580103648476649802e-02 1.174320999999999948e+00
6.724135160227064090e-02 1.116274999999999906e+00
6.871319291929786632e-02 1.054132000000000069e+00
7.021724865648072689e-02 1.002005999999999952e+00
7.175422799231455373e-02 9.724610000000000198e-01
7.332484622679873165e-02 9.705340000000000078e-01
7.492985067379918929e-02 9.921729999999999716e-01
7.656998328017844413e-02 1.027979999999999894e+00
7.824601847091161577e-02 1.069056000000000006e+00
7.995873489609482687e-02 1.110748999999999986e+00
8.170894587125514252e-02 1.152458999999999900e+00
8.349746848200181870e-02 1.194566000000000017e+00
8.532513483931059017e-02 1.235225000000000017e+00
8.719280666320453066e-02 1.269571999999999923e+00
8.910136197668877545e-02 1.292111000000000010e+00
9.105169441740208758e-02 1.300861999999999963e+00
9.304472101470850909e-02 1.300202000000000080e+00
9.508136492722282784e-02 1.299654000000000087e+00
9.716259003207046441e-02 1.308929999999999927e+00
9.928937600698042876e-02 1.332797000000000009e+00
1.014627169666056788e-01 1.369483000000000006e+00
1.036836198025345573e-01 1.412641000000000036e+00
1.059531470945422049e-01 1.454565000000000108e+00
1.082723426204657002e-01 1.489190999999999931e+00
1.106423073612318730e-01 1.514013999999999971e+00
1.130641434367904014e-01 1.529906999999999906e+00
1.155389888050807612e-01 1.538982000000000072e+00
1.180680199308263012e-01 1.542535999999999907e+00
1.206523964642573915e-01 1.540397999999999934e+00
1.232933427266421494e-01 1.531719000000000053e+00
1.259921091142061633e-01 1.516793000000000058e+00
1.287499385219043613e-01 1.498536000000000090e+00
1.315681276210838024e-01 1.481854999999999922e+00
1.344480149355610776e-01 1.471149999999999958e+00
1.373909270603933253e-01 1.468296999999999963e+00
1.403982677661723133e-01 1.472610999999999892e+00
1.434714465996406174e-01 1.482182000000000111e+00
1.466118729226930095e-01 1.495489999999999986e+00
1.498210387691902012e-01 1.512242000000000086e+00
1.531004603883944215e-01 1.532737999999999934e+00
1.564516759885790365e-01 1.556308000000000025e+00
1.598762174374112610e-01 1.580345000000000111e+00
1.633757347823671657e-01 1.601204000000000072e+00
1.669518482487836186e-01 1.616489000000000065e+00
1.706062493069121222e-01 1.626440000000000108e+00
1.743406480276755433e-01 1.632908000000000026e+00
1.781567686922972404e-01 1.637788000000000022e+00
1.820564109071452219e-01 1.643351999999999924e+00
1.860414236112984399e-01 1.653774000000000077e+00
1.901136708649468487e-01 1.675068000000000001e+00
1.942750635716576912e-01 1.712077999999999989e+00
1.985275213739692568e-01 1.764928000000000052e+00
2.028730886819132551e-01 1.828503999999999907e+00
2.073137384534022021e-01 1.895145999999999997e+00
2.118516148918974384e-01 1.957637999999999989e+00
2.164888283105038391e-01 2.010791000000000217e+00
2.212275340673810209e-01 2.052007000000000136e+00
2.260699835805370650e-01 2.082107000000000152e+00
2.310183752015635139e-01 2.106272999999999840e+00
2.360751096568884100e-01 2.132779000000000202e+00
2.412425341466744866e-01 2.168642999999999876e+00
2.465230998307618715e-01 2.215031999999999890e+00
2.519191833183147544e-01 2.265588000000000157e+00
2.574334553825345373e-01 2.308907000000000043e+00
2.630683822583526066e-01 2.334798000000000151e+00
2.688266710467492326e-01 2.341015000000000068e+00
2.747110108843249798e-01 2.335621999999999865e+00
2.807241335168895180e-01 2.332622999999999891e+00
2.868688920234096495e-01 2.342756000000000061e+00
2.931481028187655768e-01 2.365369999999999973e+00
2.995647922697904919e-01 2.387729000000000212e+00
3.061219491886544297e-01 2.393804999999999961e+00
3.128225983045015424e-01 2.375735999999999848e+00
3.196699982673885665e-01 2.336704999999999810e+00
3.266672524899394969e-01 2.284120999999999846e+00
3.338175913859038335e-01 2.222795000000000076e+00
3.411245032800827026e-01 2.154523999999999884e+00
3.485912903071751723e-01 2.082043999999999784e+00
3.562216425308692980e-01 2.011322999999999972e+00
3.640189144227933826e-01 1.949297999999999975e+00
3.719868599361595973e-01 1.900271999999999961e+00
3.801292743636255911e-01 1.865158000000000094e+00
3.884498326752345854e-01 1.843161000000000049e+00
3.969526737144291051e-01 1.832970999999999906e+00
4.056414997215270768e-01 1.832262999999999975e+00
4.145204868460213854e-01 1.836473999999999940e+00
4.235940173275368759e-01 1.838716000000000017e+00
4.328659535344370757e-01 1.832066999999999890e+00
4.423408678727827614e-01 1.813004999999999978e+00
4.520233696082087693e-01 1.782777000000000056e+00
4.619176604055267865e-01 1.745832000000000050e+00
4.720285331807737017e-01 1.707948999999999939e+00
4.823605567984378673e-01 1.675386999999999960e+00
4.929189725005434508e-01 1.654063000000000061e+00
5.037085542305222985e-01 1.648315999999999892e+00
5.147340034826902722e-01 1.659343999999999930e+00
5.260010193899755659e-01 1.683391000000000082e+00
5.375147682182568332e-01 1.710992999999999986e+00
5.492803329078241870e-01 1.729379000000000000e+00
5.613033013614973088e-01 1.728229000000000015e+00
5.735898580135665448e-01 1.705494000000000065e+00
5.861448258358571417e-01 1.668881999999999977e+00
5.989749143316128732e-01 1.632017000000000051e+00
6.120861303119130570e-01 1.608351000000000086e+00
6.254839682204105245e-01 1.605982000000000021e+00
6.391749019026319312e-01 1.624646000000000035e+00
6.531657310067570110e-01 1.655858999999999970e+00
6.674631727194452191e-01 1.687402000000000069e+00
6.820728740300071591e-01 1.710347999999999979e+00
6.970030263871405118e-01 1.723341999999999929e+00
7.122593364734473020e-01 1.731162000000000090e+00
7.278502433567288765e-01 1.740334000000000048e+00
7.437819826252529687e-01 1.755657999999999941e+00
7.600626595656545526e-01 1.778828999999999994e+00
7.766996323880640540e-01 1.808912999999999993e+00
7.937005574159013976e-01 1.843908000000000103e+00
8.110740810733430006e-01 1.881704999999999961e+00
8.288272757110509703e-01 1.919710999999999945e+00
8.469695429752346350e-01 1.954156000000000004e+00
8.655086161382736787e-01 1.980423000000000044e+00
8.844540397880493732e-01 1.994663999999999993e+00
9.038134601323364326e-01 1.995676000000000005e+00
9.235972635660274488e-01 1.985692000000000013e+00
9.438138195107080852e-01 1.969422000000000006e+00
9.644726842046378312e-01 1.951840000000000019e+00
9.855838648094324972e-01 1.936128000000000071e+00
1.007156856623164121e+00 1.922727000000000075e+00
1.029202594413900052e+00 1.909737000000000018e+00
1.051730412046940843e+00 1.894547999999999899e+00
1.074752242739242414e+00 1.875914999999999999e+00
1.098277132661993116e+00 1.855186999999999919e+00
1.122316821060050707e+00 1.835908000000000095e+00
1.146883687643933891e+00 1.821892999999999985e+00
1.171988078537265165e+00 1.815042999999999962e+00
1.197640647923590596e+00 1.814410000000000078e+00
1.223856887071053556e+00 1.817032999999999898e+00
1.250645645814651763e+00 1.819763999999999937e+00
1.278020601692099190e+00 1.820564000000000071e+00
1.305994514823037633e+00 1.818330000000000002e+00
1.334582502555725414e+00 1.811709999999999932e+00
1.363795059788775355e+00 1.798303999999999903e+00
1.393646643680787944e+00 1.775403999999999982e+00
1.424152486855072564e+00 1.742148999999999948e+00
1.455324450032890349e+00 1.701418000000000097e+00
1.487179029585939727e+00 1.659543999999999908e+00
1.519733742648287977e+00 1.623726000000000003e+00
1.552997595959721311e+00 1.599298000000000108e+00
1.586991746055928854e+00 1.588432999999999984e+00
1.621728568046108876e+00 1.589993999999999907e+00
1.657226002538870313e+00 1.600003999999999982e+00
1.693503044918474698e+00 1.612714999999999899e+00
1.730570880722132499e+00 1.622136999999999940e+00
1.768449794594556090e+00 1.623591999999999924e+00
1.807161419272292235e+00 1.614776999999999907e+00
1.846718657952616915e+00 1.595936000000000021e+00
1.887141395956233536e+00 1.569418999999999897e+00
1.928446905999783967e+00 1.538875999999999911e+00
1.970660801980119947e+00 1.508240999999999943e+00
2.013794492272063863e+00 1.480947999999999931e+00
2.057875696076454375e+00 1.459305000000000074e+00
2.102921167794182811e+00 1.443832999999999922e+00
2.148947875120341244e+00 1.433135999999999965e+00
2.195987491655247315e+00 1.424495000000000067e+00
2.244054377925685628e+00 1.414771000000000001e+00
2.293172994677545429e+00 1.401237000000000066e+00
2.343369202504593130e+00 1.382449999999999957e+00
2.394664687077192156e+00 1.359123999999999999e+00
2.447081854888045971e+00 1.334084999999999965e+00
2.500643915808320461e+00 1.310793000000000097e+00
2.555381505681890708e+00 1.291439000000000004e+00
2.611313778074887182e+00 1.275865000000000027e+00
2.668474113132628389e+00 1.261646000000000045e+00
2.726883526623927079e+00 1.245268999999999959e+00
2.786570957242854973e+00 1.223897999999999930e+00
2.847566896465314912e+00 1.196852999999999945e+00
2.909895098281706893e+00 1.166017999999999999e+00
2.973597428432943612e+00 1.134975000000000067e+00
3.038682427299522981e+00 1.107574000000000058e+00
3.105194680180473732e+00 1.086789000000000005e+00
3.173162659491088000e+00 1.074202000000000101e+00
3.242626267866870915e+00 1.070014000000000021e+00
3.313595350363004233e+00 1.073363999999999985e+00
3.386134456627003964e+00 1.082648000000000055e+00
3.460243531939777739e+00 1.095817999999999959e+00
3.535992871438371044e+00 1.110808000000000018e+00
3.613382523514086397e+00 1.125895000000000090e+00
3.692475841976804229e+00 1.139526000000000039e+00
3.773300128292204736e+00 1.150014000000000092e+00
3.855897402281920350e+00 1.155939000000000050e+00
3.940296625529969621e+00 1.156802000000000108e+00
4.026542971266589888e+00 1.153257999999999894e+00
4.114684485993613805e+00 1.146962000000000037e+00
4.204754736656211023e+00 1.139953999999999912e+00
4.296787721499407020e+00 1.133887000000000089e+00
4.390837200929101236e+00 1.129715000000000025e+00
4.486960891648868355e+00 1.127830000000000110e+00
4.585157844058781684e+00 1.128494000000000108e+00
4.685530612914259763e+00 1.132374999999999909e+00
4.788102522851219511e+00 1.140827999999999953e+00
4.892894538551115780e+00 1.155510000000000037e+00
