# frequency(Hz) HVamp
2.000000000000000042e-02 1.154376000000000069e+00
2.043777802275861116e-02 1.181639000000000106e+00
2.088513892042544867e-02 1.204028000000000098e+00
2.134229185993890415e-02 1.216617999999999977e+00
2.180945121728470465e-02 1.217673999999999923e+00
2.228683671448790371e-02 1.210428999999999977e+00
2.277467095838639488e-02 1.203162999999999982e+00
2.327318386720582041e-02 1.205758000000000107e+00
2.378260869151607032e-02 1.224353000000000025e+00
2.430318396985316209e-02 1.258064000000000071e+00
2.483515418061077798e-02 1.297746999999999984e+00
2.537876860438217572e-02 1.326680999999999999e+00
2.593428185548686538e-02 1.326719999999999899e+00
2.650195524800330604e-02 1.288947999999999983e+00
2.708205410122367304e-02 1.220842999999999900e+00
2.767485116257483238e-02 1.143197999999999936e+00
2.828062296556268368e-02 1.079102000000000006e+00
2.889965516642458918e-02 1.044164000000000092e+00
2.953223712425469966e-02 1.043090999999999990e+00
3.017866585007221089e-02 1.070635000000000003e+00
3.083924344304486698e-02 1.114263999999999921e+00
3.151428172097601316e-02 1.158938999999999941e+00
3.220409460893151193e-02 1.194023000000000057e+00
3.290900679366954434e-02 1.218271000000000104e+00
3.362935008254323843e-02 1.238259999999999916e+00
3.436545982617606604e-02 1.262116999999999933e+00
3.511768145762538679e-02 1.294411999999999896e+00
3.588636982920923035e-02 1.334983999999999948e+00
3.667188287528685281e-02 1.380767000000000078e+00
3.747459035401046190e-02 1.428582000000000019e+00
3.829486888200696326e-02 1.476955000000000018e+00
3.913310161841203338e-02 1.525973000000000024e+00
3.998968266187323539e-02 1.575963000000000003e+00
4.086501260624340881e-02 1.626838000000000006e+00
4.175950326235679244e-02 1.678412999999999933e+00
4.267357455111880221e-02 1.730380000000000029e+00
4.360765235805109941e-02 1.781827000000000050e+00
4.456217573218773653e-02 1.831269000000000036e+00
4.553759360593897382e-02 1.876748000000000083e+00
4.653436264861679494e-02 1.915138999999999925e+00
4.755294901990994583e-02 1.941851999999999911e+00
4.859383060501651364e-02 1.951689999999999925e+00
4.965749734357217948e-02 1.939991999999999939e+00
5.074444382592605690e-02 1.904558999999999891e+00
5.185518671652646766e-02 1.847469999999999946e+00
5.299023919793973553e-02 1.775096999999999925e+00
5.415013688613103116e-02 1.696522000000000086e+00
5.533542508618215922e-02 1.620948999999999973e+00
5.654665825930951795e-02 1.555107999999999935e+00
5.778440269534190765e-02 1.501988000000000101e+00
5.904923992113619846e-02 1.461697999999999942e+00
6.034176368113722960e-02 1.433538999999999897e+00
6.166257977365023624e-02 1.417157000000000000e+00
6.301230579922413588e-02 1.412080999999999920e+00
6.439157495481964699e-02 1.417070999999999970e+00
6.580103648476649802e-02 1.429883000000000015e+00
6.724135160227064090e-02 1.447314999999999907e+00
6.871319291929786632e-02 1.465662000000000020e+00
7.021724865648072689e-02 1.481257000000000046e+00
7.175422799231455373e-02 1.491046000000000094e+00
7.332484622679873165e-02 1.493228000000000000e+00
7.492985067379918929e-02 1.487567000000000084e+00
7.656998328017844413e-02 1.475120999999999905e+00
7.824601847091161577e-02 1.457780000000000076e+00
7.995873489609482687e-02 1.437756000000000034e+00
8.170894587125514252e-02 1.416959000000000080e+00
8.349746848200181870e-02 1.396460000000000035e+00
8.532513483931059017e-02 1.376227000000000089e+00
8.719280666320453066e-02 1.354959000000000024e+00
8.910136197668877545e-02 1.330300999999999956e+00
9.105169441740208758e-02 1.300229000000000079e+00
9.304472101470850909e-02 1.265039000000000025e+00
9.508136492722282784e-02 1.227773999999999921e+00
9.716259003207046441e-02 1.192506999999999984e+00
9.928937600698042876e-02 1.162053999999999920e+00
1.014627169666056788e-01 1.136671999999999905e+00
1.036836198025345573e-01 1.114279999999999937e+00
1.059531470945422049e-01 1.091920000000000002e+00
1.082723426204657002e-01 1.067625999999999964e+00
1.106423073612318730e-01 1.041522999999999977e+00
1.130641434367904014e-01 1.015525000000000011e+00
1.155389888050807612e-01 9.921130000000000226e-01
1.180680199308263012e-01 9.731459999999999555e-01
1.206523964642573915e-01 9.592950000000000088e-01
1.232933427266421494e-01 9.501680000000000126e-01
1.259921091142061633e-01 9.446409999999999529e-01
1.287499385219043613e-01 9.409170000000000034e-01
1.315681276210838024e-01 9.363810000000000189e-01
1.344480149355610776e-01 9.278119999999999701e-01
1.373909270603933253e-01 9.124560000000000448e-01
1.403982677661723133e-01 8.898289999999999811e-01
1.434714465996406174e-01 8.628989999999999716e-01
1.466118729226930095e-01 8.372810000000000530e-01
1.498210387691902012e-01 8.187200000000000033e-01
1.531004603883944215e-01 8.103810000000000180e-01
1.564516759885790365e-01 8.113310000000000244e-01
1.598762174374112610e-01 8.170220000000000260e-01
1.633757347823671657e-01 8.217560000000000420e-01
1.669518482487836186e-01 8.219079999999999719e-01
1.706062493069121222e-01 8.177670000000000217e-01
1.743406480276755433e-01 8.125890000000000057e-01
1.781567686922972404e-01 8.096200000000000063e-01
1.820564109071452219e-01 8.094299999999999828e-01
1.860414236112984399e-01 8.093850000000000211e-01
1.901136708649468487e-01 8.053500000000000103e-01
1.942750635716576912e-01 7.943219999999999725e-01
1.985275213739692568e-01 7.762010000000000298e-01
2.028730886819132551e-01 7.539369999999999683e-01
2.073137384534022021e-01 7.322849999999999637e-01
2.118516148918974384e-01 7.157780000000000253e-01
2.164888283105038391e-01 7.065789999999999571e-01
2.212275340673810209e-01 7.033390000000000475e-01
2.260699835805370650e-01 7.019809999999999661e-01
2.310183752015635139e-01 6.981779999999999653e-01
2.360751096568884100e-01 6.898790000000000200e-01
2.412425341466744866e-01 6.781749999999999723e-01
2.465230998307618715e-01 6.661540000000000239e-01
2.519191833183147544e-01 6.569739999999999469e-01
2.574334553825345373e-01 6.527060000000000084e-01
2.630683822583526066e-01 6.541379999999999972e-01
2.688266710467492326e-01 6.607720000000000260e-01
2.747110108843249798e-01 6.709220000000000184e-01
2.807241335168895180e-01 6.822070000000000078e-01
2.868688920234096495e-01 6.923580000000000290e-01
2.931481028187655768e-01 7.001290000000000013e-01
2.995647922697904919e-01 7.062319999999999709e-01
3.061219491886544297e-01 7.135139999999999816e-01
3.128225983045015424e-01 7.257719999999999727e-01
3.196699982673885665e-01 7.458519999999999595e-01
3.266672524899394969e-01 7.743510000000000115e-01
3.338175913859038335e-01 8.096400000000000263e-01
3.411245032800827026e-01 8.488440000000000429e-01
3.485912903071751723e-01 8.887469999999999537e-01
3.562216425308692980e-01 9.262329999999999730e-01
3.640189144227933826e-01 9.587259999999999671e-01
3.719868599361595973e-01 9.848190000000000000e-01
3.801292743636255911e-01 1.004628999999999994e+00
3.884498326752345854e-01 1.019600000000000062e+00
3.969526737144291051e-01 1.031903000000000015e+00
4.056414997215270768e-01 1.043703999999999965e+00
4.145204868460213854e-01 1.056678999999999924e+00
4.235940173275368759e-01 1.072059000000000095e+00
4.328659535344370757e-01 1.090869000000000089e+00
4.423408678727827614e-01 1.113871000000000056e+00
4.520233696082087693e-01 1.141151000000000026e+00
4.619176604055267865e-01 1.171632000000000007e+00
4.720285331807737017e-01 1.203257000000000021e+00
4.823605567984378673e-01 1.234164000000000039e+00
4.929189725005434508e-01 1.263854999999999951e+00
5.037085542305222985e-01 1.293250999999999928e+00
5.147340034826902722e-01 1.323771999999999949e+00
5.260010193899755659e-01 1.356454000000000049e+00
5.375147682182568332e-01 1.391779000000000099e+00
5.492803329078241870e-01 1.430004999999999971e+00
5.613033013614973088e-01 1.471103000000000049e+00
5.735898580135665448e-01 1.514070999999999945e+00
5.861448258358571417e-01 1.556478999999999946e+00
5.989749143316128732e-01 1.595099999999999962e+00
6.120861303119130570e-01 1.627502999999999922e+00
6.254839682204105245e-01 1.653113999999999972e+00
6.391749019026319312e-01 1.672447999999999935e+00
6.531657310067570110e-01 1.685551000000000021e+00
6.674631727194452191e-01 1.691583000000000059e+00
6.820728740300071591e-01 1.689953000000000038e+00
6.970030263871405118e-01 1.681651000000000007e+00
7.122593364734473020e-01 1.669343999999999939e+00
7.278502433567288765e-01 1.656163999999999970e+00
7.437819826252529687e-01 1.644387999999999961e+00
7.600626595656545526e-01 1.635126999999999997e+00
7.766996323880640540e-01 1.628743999999999970e+00
7.937005574159013976e-01 1.624805999999999973e+00
8.110740810733430006e-01 1.621545999999999932e+00
8.288272757110509703e-01 1.616017000000000037e+00
8.469695429752346350e-01 1.605666000000000038e+00
8.655086161382736787e-01 1.590354000000000045e+00
8.844540397880493732e-01 1.573042000000000051e+00
9.038134601323364326e-01 1.558507000000000087e+00
9.235972635660274488e-01 1.551036000000000081e+00
9.438138195107080852e-01 1.552467999999999959e+00
9.644726842046378312e-01 1.561588999999999894e+00
9.855838648094324972e-01 1.575179000000000107e+00
1.007156856623164121e+00 1.589862000000000108e+00
1.029202594413900052e+00 1.603261000000000047e+00
1.051730412046940843e+00 1.613809999999999967e+00
1.074752242739242414e+00 1.620036000000000032e+00
1.098277132661993116e+00 1.620695999999999914e+00
1.122316821060050707e+00 1.615898000000000057e+00
1.146883687643933891e+00 1.607582000000000066e+00
1.171988078537265165e+00 1.598303000000000029e+00
1.197640647923590596e+00 1.589255000000000084e+00
1.223856887071053556e+00 1.579417000000000071e+00
1.250645645814651763e+00 1.566767000000000021e+00
1.278020601692099190e+00 1.550837000000000021e+00
1.305994514823037633e+00 1.534419999999999895e+00
1.334582502555725414e+00 1.522375000000000034e+00
1.363795059788775355e+00 1.518181999999999920e+00
1.393646643680787944e+00 1.521387000000000045e+00
1.424152486855072564e+00 1.528323000000000098e+00
1.455324450032890349e+00 1.535320000000000018e+00
1.487179029585939727e+00 1.541452999999999962e+00
1.519733742648287977e+00 1.548519999999999897e+00
1.552997595959721311e+00 1.558734000000000064e+00
1.586991746055928854e+00 1.572527999999999926e+00
1.621728568046108876e+00 1.588311999999999946e+00
1.657226002538870313e+00 1.603785999999999934e+00
1.693503044918474698e+00 1.617364999999999942e+00
1.730570880722132499e+00 1.629054000000000002e+00
1.768449794594556090e+00 1.640541000000000027e+00
1.807161419272292235e+00 1.654368999999999978e+00
1.846718657952616915e+00 1.672598999999999947e+00
1.887141395956233536e+00 1.695578000000000030e+00
1.928446905999783967e+00 1.721279000000000003e+00
1.970660801980119947e+00 1.745832999999999968e+00
2.013794492272063863e+00 1.765365000000000073e+00
2.057875696076454375e+00 1.778059000000000056e+00
2.102921167794182811e+00 1.784780999999999951e+00
2.148947875120341244e+00 1.787698999999999927e+00
2.195987491655247315e+00 1.788367999999999958e+00
2.244054377925685628e+00 1.787101999999999968e+00
2.293172994677545429e+00 1.783487999999999962e+00
2.343369202504593130e+00 1.776880999999999933e+00
2.394664687077192156e+00 1.766631000000000062e+00
2.447081854888045971e+00 1.752383000000000024e+00
2.500643915808320461e+00 1.734399000000000024e+00
2.555381505681890708e+00 1.713824000000000014e+00
2.611313778074887182e+00 1.692730000000000068e+00
2.668474113132628389e+00 1.673607000000000067e+00
2.726883526623927079e+00 1.658168000000000086e+00
2.786570957242854973e+00 1.646281000000000105e+00
2.847566896465314912e+00 1.636125999999999969e+00
2.909895098281706893e+00 1.625629999999999908e+00
2.973597428432943612e+00 1.613992000000000093e+00
3.038682427299522981e+00 1.602117999999999931e+00
3.105194680180473732e+00 1.591923999999999895e+00
3.173162659491088000e+00 1.585358000000000045e+00
3.242626267866870915e+00 1.583690000000000042e+00
3.313595350363004233e+00 1.587075000000000014e+00
3.386134456627003964e+00 1.594471999999999889e+00
3.460243531939777739e+00 1.604093999999999909e+00
3.535992871438371044e+00 1.614249000000000045e+00
3.613382523514086397e+00 1.623685999999999963e+00
3.692475841976804229e+00 1.631010000000000071e+00
3.773300128292204736e+00 1.634187000000000056e+00
3.855897402281920350e+00 1.631192999999999893e+00
3.940296625529969621e+00 1.621145000000000058e+00
4.026542971266589888e+00 1.604865999999999904e+00
4.114684485993613805e+00 1.584694999999999965e+00
4.204754736656211023e+00 1.563757999999999981e+00
4.296787721499407020e+00 1.544975999999999905e+00
4.390837200929101236e+00 1.530394000000000032e+00
4.486960891648868355e+00 1.520968000000000098e+00
4.585157844058781684e+00 1.516761000000000026e+00
4.685530612914259763e+00 1.517357999999999985e+00
4.788102522851219511e+00 1.522153000000000089e+00
4.892894538551115780e+00 1.530412000000000106e+00
