# frequency(Hz) HVamp
2.000000000000000042e-02 1.136603000000000030e+00
2.043777802275861116e-02 1.150644999999999918e+00
2.088513892042544867e-02 1.157180000000000097e+00
2.134229185993890415e-02 1.149137999999999993e+00
2.180945121728470465e-02 1.122884999999999911e+00
2.228683671448790371e-02 1.079153000000000029e+00
2.277467095838639488e-02 1.021887999999999908e+00
2.327318386720582041e-02 9.562810000000000477e-01
2.378260869151607032e-02 8.875159999999999716e-01
2.430318396985316209e-02 8.196320000000000272e-01
2.483515418061077798e-02 7.539740000000000331e-01
2.537876860438217572e-02 6.887039999999999829e-01
2.593428185548686538e-02 6.206620000000000470e-01
2.650195524800330604e-02 5.488570000000000393e-01
2.708205410122367304e-02 4.766469999999999874e-01
2.767485116257483238e-02 4.103359999999999785e-01
2.828062296556268368e-02 3.559919999999999751e-01
2.889965516642458918e-02 3.175239999999999729e-01
2.953223712425469966e-02 2.964069999999999760e-01
3.017866585007221089e-02 2.923169999999999935e-01
3.083924344304486698e-02 3.036690000000000222e-01
3.151428172097601316e-02 3.274969999999999826e-01
3.220409460893151193e-02 3.601170000000000204e-01
3.290900679366954434e-02 3.996489999999999765e-01
3.362935008254323843e-02 4.480140000000000233e-01
3.436545982617606604e-02 5.099029999999999951e-01
3.511768145762538679e-02 5.894509999999999472e-01
3.588636982920923035e-02 6.863369999999999749e-01
3.667188287528685281e-02 7.933780000000000276e-01
3.747459035401046190e-02 8.983849999999999891e-01
3.829486888200696326e-02 9.898289999999999589e-01
3.913310161841203338e-02 1.062354999999999938e+00
3.998968266187323539e-02 1.117857000000000101e+00
4.086501260624340881e-02 1.161167000000000060e+00
4.175950326235679244e-02 1.194781000000000093e+00
4.267357455111880221e-02 1.217773999999999912e+00
4.360765235805109941e-02 1.229267000000000110e+00
4.456217573218773653e-02 1.231328999999999896e+00
4.553759360593897382e-02 1.226620999999999961e+00
4.653436264861679494e-02 1.214318000000000008e+00
4.755294901990994583e-02 1.190614999999999979e+00
4.859383060501651364e-02 1.152527000000000079e+00
4.965749734357217948e-02 1.100700999999999929e+00
5.074444382592605690e-02 1.040219999999999922e+00
5.185518671652646766e-02 9.791870000000000296e-01
5.299023919793973553e-02 9.255139999999999478e-01
5.415013688613103116e-02 8.840609999999999857e-01
5.533542508618215922e-02 8.558540000000000036e-01
5.654665825930951795e-02 8.390490000000000448e-01
5.778440269534190765e-02 8.300189999999999513e-01
5.904923992113619846e-02 8.237339999999999662e-01
6.034176368113722960e-02 8.142989999999999950e-01
6.166257977365023624e-02 7.968140000000000223e-01
6.301230579922413588e-02 7.694499999999999673e-01
6.439157495481964699e-02 7.337970000000000326e-01
6.580103648476649802e-02 6.933840000000000003e-01
6.724135160227064090e-02 6.517929999999999557e-01
6.871319291929786632e-02 6.115680000000000005e-01
7.021724865648072689e-02 5.741810000000000525e-01
7.175422799231455373e-02 5.404790000000000427e-01
7.332484622679873165e-02 5.110839999999999828e-01
7.492985067379918929e-02 4.863640000000000185e-01
7.656998328017844413e-02 4.658959999999999768e-01
7.824601847091161577e-02 4.483130000000000170e-01
7.995873489609482687e-02 4.319330000000000114e-01
8.170894587125514252e-02 4.152750000000000052e-01
8.349746848200181870e-02 3.970319999999999960e-01
8.532513483931059017e-02 3.764000000000000123e-01
8.719280666320453066e-02 3.540470000000000006e-01
8.910136197668877545e-02 3.325370000000000270e-01
9.105169441740208758e-02 3.154120000000000257e-01
9.304472101470850909e-02 3.051960000000000228e-01
9.508136492722282784e-02 3.013549999999999840e-01
9.716259003207046441e-02 2.997360000000000024e-01
9.928937600698042876e-02 2.943870000000000098e-01
1.014627169666056788e-01 2.809490000000000043e-01
1.036836198025345573e-01 2.594239999999999879e-01
1.059531470945422049e-01 2.341999999999999915e-01
1.082723426204657002e-01 2.114209999999999978e-01
1.106423073612318730e-01 1.959539999999999893e-01
1.130641434367904014e-01 1.898940000000000072e-01
1.155389888050807612e-01 1.926309999999999967e-01
1.180680199308263012e-01 2.015190000000000037e-01
1.206523964642573915e-01 2.128480000000000094e-01
1.232933427266421494e-01 2.230399999999999883e-01
1.259921091142061633e-01 2.294339999999999991e-01
1.287499385219043613e-01 2.302089999999999970e-01
1.315681276210838024e-01 2.238999999999999879e-01
1.344480149355610776e-01 2.095609999999999973e-01
1.373909270603933253e-01 1.880570000000000019e-01
1.403982677661723133e-01 1.634019999999999917e-01
1.434714465996406174e-01 1.425720000000000043e-01
1.466118729226930095e-01 1.332170000000000021e-01
1.498210387691902012e-01 1.399739999999999873e-01
1.531004603883944215e-01 1.612999999999999989e-01
1.564516759885790365e-01 1.892389999999999906e-01
1.598762174374112610e-01 2.129739999999999966e-01
1.633757347823671657e-01 2.244460000000000066e-01
1.669518482487836186e-01 2.225880000000000081e-01
1.706062493069121222e-01 2.131840000000000124e-01
1.743406480276755433e-01 2.044090000000000074e-01
1.781567686922972404e-01 2.016940000000000122e-01
1.820564109071452219e-01 2.057720000000000105e-01
1.860414236112984399e-01 2.140309999999999990e-01
1.901136708649468487e-01 2.226390000000000036e-01
1.942750635716576912e-01 2.278949999999999865e-01
1.985275213739692568e-01 2.269750000000000101e-01
2.028730886819132551e-01 2.184599999999999875e-01
2.073137384534022021e-01 2.029710000000000125e-01
2.118516148918974384e-01 1.838259999999999894e-01
2.164888283105038391e-01 1.665899999999999881e-01
2.212275340673810209e-01 1.571299999999999919e-01
2.260699835805370650e-01 1.593600000000000017e-01
2.310183752015635139e-01 1.738139999999999963e-01
2.360751096568884100e-01 1.972659999999999969e-01
2.412425341466744866e-01 2.234019999999999895e-01
2.465230998307618715e-01 2.447469999999999923e-01
2.519191833183147544e-01 2.554649999999999976e-01
2.574334553825345373e-01 2.536630000000000273e-01
2.630683822583526066e-01 2.417910000000000059e-01
2.688266710467492326e-01 2.251430000000000098e-01
2.747110108843249798e-01 2.095950000000000035e-01
2.807241335168895180e-01 1.995349999999999902e-01
2.868688920234096495e-01 1.963890000000000080e-01
2.931481028187655768e-01 1.982359999999999955e-01
2.995647922697904919e-01 2.008089999999999875e-01
3.061219491886544297e-01 1.994190000000000129e-01
3.128225983045015424e-01 1.910920000000000119e-01
3.196699982673885665e-01 1.759610000000000063e-01
3.266672524899394969e-01 1.569709999999999994e-01
3.338175913859038335e-01 1.380159999999999998e-01
3.411245032800827026e-01 1.218430000000000069e-01
3.485912903071751723e-01 1.090450000000000030e-01
3.562216425308692980e-01 9.863800000000000345e-02
3.640189144227933826e-01 8.953600000000000447e-02
3.719868599361595973e-01 8.149900000000000200e-02
3.801292743636255911e-01 7.501700000000000035e-02
3.884498326752345854e-01 7.061800000000000022e-02
3.969526737144291051e-01 6.818000000000000449e-02
4.056414997215270768e-01 6.659600000000000242e-02
4.145204868460213854e-01 6.396000000000000296e-02
4.235940173275368759e-01 5.827899999999999747e-02
4.328659535344370757e-01 4.852800000000000169e-02
4.423408678727827614e-01 3.534199999999999842e-02
4.520233696082087693e-01 2.065900000000000028e-02
4.619176604055267865e-01 6.409999999999999899e-03
4.720285331807737017e-01 -6.517000000000000223e-03
4.823605567984378673e-01 -1.825500000000000039e-02
4.929189725005434508e-01 -2.922500000000000098e-02
5.037085542305222985e-01 -3.944500000000000089e-02
5.147340034826902722e-01 -4.825600000000000028e-02
5.260010193899755659e-01 -5.464100000000000207e-02
5.375147682182568332e-01 -5.789400000000000102e-02
5.492803329078241870e-01 -5.807999999999999968e-02
5.613033013614973088e-01 -5.593900000000000261e-02
5.735898580135665448e-01 -5.220799999999999746e-02
5.861448258358571417e-01 -4.680700000000000138e-02
5.989749143316128732e-01 -3.873800000000000160e-02
6.120861303119130570e-01 -2.707999999999999990e-02
6.254839682204105245e-01 -1.227400000000000019e-02
6.391749019026319312e-01 3.536000000000000081e-03
6.531657310067570110e-01 1.763299999999999937e-02
6.674631727194452191e-01 2.853299999999999934e-02
6.820728740300071591e-01 3.689200000000000118e-02
6.970030263871405118e-01 4.465199999999999725e-02
7.122593364734473020e-01 5.356799999999999756e-02
7.278502433567288765e-01 6.471999999999999975e-02
7.437819826252529687e-01 7.884299999999999642e-02
7.600626595656545526e-01 9.615700000000000636e-02
7.766996323880640540e-01 1.156360000000000027e-01
7.937005574159013976e-01 1.348789999999999989e-01
8.110740810733430006e-01 1.513470000000000093e-01
8.288272757110509703e-01 1.640000000000000069e-01
8.469695429752346350e-01 1.738540000000000085e-01
8.655086161382736787e-01 1.830829999999999957e-01
8.844540397880493732e-01 1.934750000000000081e-01
9.038134601323364326e-01 2.053139999999999965e-01
9.235972635660274488e-01 2.173630000000000007e-01
9.438138195107080852e-01 2.279200000000000115e-01
9.644726842046378312e-01 2.361340000000000106e-01
9.855838648094324972e-01 2.425930000000000031e-01
1.007156856623164121e+00 2.489169999999999994e-01
1.029202594413900052e+00 2.568469999999999920e-01
1.051730412046940843e+00 2.675509999999999833e-01
1.074752242739242414e+00 2.815230000000000232e-01
1.098277132661993116e+00 2.988190000000000013e-01
1.122316821060050707e+00 3.191450000000000120e-01
1.146883687643933891e+00 3.419119999999999937e-01
1.171988078537265165e+00 3.666209999999999747e-01
1.197640647923590596e+00 3.934340000000000059e-01
1.223856887071053556e+00 4.233859999999999846e-01
1.250645645814651763e+00 4.579440000000000177e-01
1.278020601692099190e+00 4.978730000000000100e-01
1.305994514823037633e+00 5.416189999999999616e-01
1.334582502555725414e+00 5.842199999999999616e-01
1.363795059788775355e+00 6.184650000000000425e-01
1.393646643680787944e+00 6.386680000000000135e-01
1.424152486855072564e+00 6.445370000000000266e-01
1.455324450032890349e+00 6.419470000000000454e-01
1.487179029585939727e+00 6.403929999999999900e-01
1.519733742648287977e+00 6.489700000000000468e-01
1.552997595959721311e+00 6.727210000000000134e-01
1.586991746055928854e+00 7.108339999999999659e-01
1.621728568046108876e+00 7.576979999999999826e-01
1.657226002538870313e+00 8.063350000000000239e-01
1.693503044918474698e+00 8.517909999999999648e-01
1.730570880722132499e+00 8.924339999999999495e-01
1.768449794594556090e+00 9.293759999999999799e-01
1.807161419272292235e+00 9.653909999999999991e-01
1.846718657952616915e+00 1.004067999999999961e+00
1.887141395956233536e+00 1.049031999999999965e+00
1.928446905999783967e+00 1.102945000000000064e+00
1.970660801980119947e+00 1.166385000000000005e+00
2.013794492272063863e+00 1.237100000000000088e+00
2.057875696076454375e+00 1.310319999999999929e+00
2.102921167794182811e+00 1.380039000000000016e+00
2.148947875120341244e+00 1.440531000000000006e+00
2.195987491655247315e+00 1.487826000000000093e+00
2.244054377925685628e+00 1.520882999999999985e+00
2.293172994677545429e+00 1.541646000000000072e+00
2.343369202504593130e+00 1.553603999999999985e+00
2.394664687077192156e+00 1.559943999999999997e+00
2.447081854888045971e+00 1.562875999999999932e+00
2.500643915808320461e+00 1.564210000000000100e+00
2.555381505681890708e+00 1.565765000000000073e+00
2.611313778074887182e+00 1.569031999999999982e+00
2.668474113132628389e+00 1.574446000000000012e+00
2.726883526623927079e+00 1.580624999999999947e+00
2.786570957242854973e+00 1.584472000000000103e+00
2.847566896465314912e+00 1.582618000000000080e+00
2.909895098281706893e+00 1.573123000000000049e+00
2.973597428432943612e+00 1.556133999999999906e+00
3.038682427299522981e+00 1.533242999999999912e+00
3.105194680180473732e+00 1.506092999999999904e+00
3.173162659491088000e+00 1.475303000000000031e+00
3.242626267866870915e+00 1.440566000000000013e+00
3.313595350363004233e+00 1.401793999999999984e+00
3.386134456627003964e+00 1.360227000000000075e+00
3.460243531939777739e+00 1.318435999999999941e+00
3.535992871438371044e+00 1.279147999999999952e+00
3.613382523514086397e+00 1.243949999999999889e+00
3.692475841976804229e+00 1.212639999999999940e+00
3.773300128292204736e+00 1.183524999999999938e+00
3.855897402281920350e+00 1.154625999999999930e+00
3.940296625529969621e+00 1.124986999999999959e+00
4.026542971266589888e+00 1.095240999999999909e+00
4.114684485993613805e+00 1.067242999999999942e+00
4.204754736656211023e+00 1.043215999999999921e+00
4.296787721499407020e+00 1.024826000000000015e+00
4.390837200929101236e+00 1.012507999999999964e+00
4.486960891648868355e+00 1.005252000000000034e+00
4.585157844058781684e+00 1.000806000000000084e+00
4.685530612914259763e+00 9.961389999999999967e-01
4.788102522851219511e+00 9.880139999999999478e-01
4.892894538551115780e+00 9.737170000000000547e-01
