# frequency(Hz) HVamp
2.000000000000000042e-02 1.641777999999999960e+00
2.043777802275861116e-02 1.674830999999999959e+00
2.088513892042544867e-02 1.710174000000000083e+00
2.134229185993890415e-02 1.741354000000000068e+00
2.180945121728470465e-02 1.762507000000000046e+00
2.228683671448790371e-02 1.770481999999999889e+00
2.277467095838639488e-02 1.766150000000000109e+00
2.327318386720582041e-02 1.753794999999999993e+00
2.378260869151607032e-02 1.738653999999999922e+00
2.430318396985316209e-02 1.724866999999999928e+00
2.483515418061077798e-02 1.715000999999999998e+00
2.537876860438217572e-02 1.709921000000000024e+00
2.593428185548686538e-02 1.708593999999999946e+00
2.650195524800330604e-02 1.708496999999999932e+00
2.708205410122367304e-02 1.706749999999999989e+00
2.767485116257483238e-02 1.701230999999999938e+00
2.828062296556268368e-02 1.691030000000000033e+00
2.889965516642458918e-02 1.676298999999999984e+00
2.953223712425469966e-02 1.657996999999999943e+00
3.017866585007221089e-02 1.637709000000000081e+00
3.083924344304486698e-02 1.617275000000000018e+00
3.151428172097601316e-02 1.598043000000000102e+00
3.220409460893151193e-02 1.580356000000000094e+00
3.290900679366954434e-02 1.563827000000000078e+00
3.362935008254323843e-02 1.548173000000000021e+00
3.436545982617606604e-02 1.533770000000000078e+00
3.511768145762538679e-02 1.521433999999999953e+00
3.588636982920923035e-02 1.512135000000000007e+00
3.667188287528685281e-02 1.507438999999999973e+00
3.747459035401046190e-02 1.509576999999999947e+00
3.829486888200696326e-02 1.519946000000000019e+00
3.913310161841203338e-02 1.537384000000000084e+00
3.998968266187323539e-02 1.557911000000000046e+00
4.086501260624340881e-02 1.576198999999999906e+00
4.175950326235679244e-02 1.588001999999999914e+00
4.267357455111880221e-02 1.592508999999999952e+00
4.360765235805109941e-02 1.593325000000000102e+00
4.456217573218773653e-02 1.597504000000000035e+00
4.553759360593897382e-02 1.613248999999999933e+00
4.653436264861679494e-02 1.647242000000000095e+00
4.755294901990994583e-02 1.702123999999999970e+00
4.859383060501651364e-02 1.773074000000000039e+00
4.965749734357217948e-02 1.845698999999999979e+00
5.074444382592605690e-02 1.902204000000000006e+00
5.185518671652646766e-02 1.931955000000000089e+00
5.299023919793973553e-02 1.935667000000000026e+00
5.415013688613103116e-02 1.922244999999999981e+00
5.533542508618215922e-02 1.903216999999999937e+00
5.654665825930951795e-02 1.888052000000000064e+00
5.778440269534190765e-02 1.881402000000000019e+00
5.904923992113619846e-02 1.882406999999999941e+00
6.034176368113722960e-02 1.886181000000000108e+00
6.166257977365023624e-02 1.887013999999999969e+00
6.301230579922413588e-02 1.881591999999999931e+00
6.439157495481964699e-02 1.870279999999999943e+00
6.580103648476649802e-02 1.855606000000000089e+00
6.724135160227064090e-02 1.839812000000000003e+00
6.871319291929786632e-02 1.824090999999999907e+00
7.021724865648072689e-02 1.809663000000000022e+00
7.175422799231455373e-02 1.798486999999999947e+00
7.332484622679873165e-02 1.791944999999999899e+00
7.492985067379918929e-02 1.788859999999999895e+00
7.656998328017844413e-02 1.785768000000000022e+00
7.824601847091161577e-02 1.778901999999999983e+00
7.995873489609482687e-02 1.765301999999999927e+00
8.170894587125514252e-02 1.743103999999999987e+00
8.349746848200181870e-02 1.712298000000000098e+00
8.532513483931059017e-02 1.675573999999999897e+00
8.719280666320453066e-02 1.637877999999999945e+00
8.910136197668877545e-02 1.604276999999999953e+00
9.105169441740208758e-02 1.577598999999999974e+00
9.304472101470850909e-02 1.557649000000000061e+00
9.508136492722282784e-02 1.542221999999999982e+00
9.716259003207046441e-02 1.528612000000000082e+00
9.928937600698042876e-02 1.513927999999999940e+00
1.014627169666056788e-01 1.494677999999999951e+00
1.036836198025345573e-01 1.467865999999999893e+00
1.059531470945422049e-01 1.433627999999999902e+00
1.082723426204657002e-01 1.396093000000000028e+00
1.106423073612318730e-01 1.360937999999999981e+00
1.130641434367904014e-01 1.332464000000000093e+00
1.155389888050807612e-01 1.312489999999999934e+00
1.180680199308263012e-01 1.300540000000000029e+00
1.206523964642573915e-01 1.294567999999999941e+00
1.232933427266421494e-01 1.292262999999999940e+00
1.259921091142061633e-01 1.292556999999999956e+00
1.287499385219043613e-01 1.296154000000000028e+00
1.315681276210838024e-01 1.304211999999999927e+00
1.344480149355610776e-01 1.316265000000000018e+00
1.373909270603933253e-01 1.329633999999999983e+00
1.403982677661723133e-01 1.341053999999999968e+00
1.434714465996406174e-01 1.348686000000000051e+00
1.466118729226930095e-01 1.352683000000000080e+00
1.498210387691902012e-01 1.354343000000000075e+00
1.531004603883944215e-01 1.355005000000000015e+00
1.564516759885790365e-01 1.355466000000000060e+00
1.598762174374112610e-01 1.355798000000000059e+00
1.633757347823671657e-01 1.355412000000000061e+00
1.669518482487836186e-01 1.353412000000000059e+00
1.706062493069121222e-01 1.348985000000000101e+00
1.743406480276755433e-01 1.341571000000000069e+00
1.781567686922972404e-01 1.330962999999999896e+00
1.820564109071452219e-01 1.317498000000000058e+00
1.860414236112984399e-01 1.302068000000000003e+00
1.901136708649468487e-01 1.285590999999999928e+00
1.942750635716576912e-01 1.268394999999999939e+00
1.985275213739692568e-01 1.250245999999999968e+00
2.028730886819132551e-01 1.231200000000000072e+00
2.073137384534022021e-01 1.212542999999999926e+00
2.118516148918974384e-01 1.196868999999999961e+00
2.164888283105038391e-01 1.187084000000000028e+00
2.212275340673810209e-01 1.185000000000000053e+00
2.260699835805370650e-01 1.190075999999999912e+00
2.310183752015635139e-01 1.198749000000000065e+00
2.360751096568884100e-01 1.205368999999999913e+00
2.412425341466744866e-01 1.204884000000000066e+00
2.465230998307618715e-01 1.195440999999999976e+00
2.519191833183147544e-01 1.178951000000000082e+00
2.574334553825345373e-01 1.159680000000000044e+00
2.630683822583526066e-01 1.142257999999999996e+00
2.688266710467492326e-01 1.130255000000000010e+00
2.747110108843249798e-01 1.125661999999999940e+00
2.807241335168895180e-01 1.128899000000000097e+00
2.868688920234096495e-01 1.138759999999999994e+00
2.931481028187655768e-01 1.152222000000000079e+00
2.995647922697904919e-01 1.164911999999999948e+00
3.061219491886544297e-01 1.172649999999999970e+00
3.128225983045015424e-01 1.173324000000000034e+00
3.196699982673885665e-01 1.167934000000000028e+00
3.266672524899394969e-01 1.159802000000000000e+00
3.338175913859038335e-01 1.152471000000000023e+00
3.411245032800827026e-01 1.147917000000000076e+00
3.485912903071751723e-01 1.146050999999999931e+00
3.562216425308692980e-01 1.145372000000000057e+00
3.640189144227933826e-01 1.144238000000000088e+00
3.719868599361595973e-01 1.141875999999999891e+00
3.801292743636255911e-01 1.138767000000000085e+00
3.884498326752345854e-01 1.136749999999999927e+00
3.969526737144291051e-01 1.138581000000000065e+00
4.056414997215270768e-01 1.146678000000000086e+00
4.145204868460213854e-01 1.161704000000000070e+00
4.235940173275368759e-01 1.181950999999999974e+00
4.328659535344370757e-01 1.204043999999999892e+00
4.423408678727827614e-01 1.224507999999999930e+00
4.520233696082087693e-01 1.241260999999999948e+00
4.619176604055267865e-01 1.254518999999999940e+00
4.720285331807737017e-01 1.266267999999999949e+00
4.823605567984378673e-01 1.278407000000000071e+00
4.929189725005434508e-01 1.291198000000000068e+00
5.037085542305222985e-01 1.302858000000000072e+00
5.147340034826902722e-01 1.310224000000000055e+00
5.260010193899755659e-01 1.310604000000000102e+00
5.375147682182568332e-01 1.303979999999999917e+00
5.492803329078241870e-01 1.293698000000000015e+00
5.613033013614973088e-01 1.284623999999999988e+00
5.735898580135665448e-01 1.280297000000000018e+00
5.861448258358571417e-01 1.281352000000000046e+00
5.989749143316128732e-01 1.285932000000000075e+00
6.120861303119130570e-01 1.291406000000000054e+00
6.254839682204105245e-01 1.295849000000000029e+00
6.391749019026319312e-01 1.298132000000000064e+00
6.531657310067570110e-01 1.297371000000000052e+00
6.674631727194452191e-01 1.293152999999999997e+00
6.820728740300071591e-01 1.286280000000000090e+00
6.970030263871405118e-01 1.278528000000000109e+00
7.122593364734473020e-01 1.271323999999999899e+00
7.278502433567288765e-01 1.264896999999999938e+00
7.437819826252529687e-01 1.258712999999999971e+00
7.600626595656545526e-01 1.252537999999999929e+00
7.766996323880640540e-01 1.247036999999999951e+00
7.937005574159013976e-01 1.243484999999999951e+00
8.110740810733430006e-01 1.242957000000000090e+00
8.288272757110509703e-01 1.245783000000000085e+00
8.469695429752346350e-01 1.251721000000000084e+00
8.655086161382736787e-01 1.260415000000000063e+00
8.844540397880493732e-01 1.271419999999999995e+00
9.038134601323364326e-01 1.283887999999999918e+00
9.235972635660274488e-01 1.296621999999999941e+00
9.438138195107080852e-01 1.308778999999999915e+00
9.644726842046378312e-01 1.320732000000000017e+00
9.855838648094324972e-01 1.334275000000000100e+00
1.007156856623164121e+00 1.351979999999999960e+00
1.029202594413900052e+00 1.376166999999999918e+00
1.051730412046940843e+00 1.408074999999999966e+00
1.074752242739242414e+00 1.447405999999999970e+00
1.098277132661993116e+00 1.491889000000000021e+00
1.122316821060050707e+00 1.536907999999999941e+00
1.146883687643933891e+00 1.575904999999999889e+00
1.171988078537265165e+00 1.602384000000000031e+00
1.197640647923590596e+00 1.613169000000000075e+00
1.223856887071053556e+00 1.610740999999999978e+00
1.250645645814651763e+00 1.602470000000000061e+00
1.278020601692099190e+00 1.596754000000000007e+00
1.305994514823037633e+00 1.598398999999999903e+00
1.334582502555725414e+00 1.606219000000000063e+00
1.363795059788775355e+00 1.614541000000000004e+00
1.393646643680787944e+00 1.617755999999999972e+00
1.424152486855072564e+00 1.614808000000000021e+00
1.455324450032890349e+00 1.610743999999999954e+00
1.487179029585939727e+00 1.614578999999999986e+00
1.519733742648287977e+00 1.634924000000000044e+00
1.552997595959721311e+00 1.675982000000000083e+00
1.586991746055928854e+00 1.735932000000000031e+00
1.621728568046108876e+00 1.808102000000000098e+00
1.657226002538870313e+00 1.883752000000000093e+00
1.693503044918474698e+00 1.954561999999999911e+00
1.730570880722132499e+00 2.014006999999999881e+00
1.768449794594556090e+00 2.058104999999999851e+00
1.807161419272292235e+00 2.085821000000000147e+00
1.846718657952616915e+00 2.098749000000000198e+00
1.887141395956233536e+00 2.099797000000000136e+00
1.928446905999783967e+00 2.091555000000000053e+00
1.970660801980119947e+00 2.075702999999999854e+00
2.013794492272063863e+00 2.053711999999999982e+00
2.057875696076454375e+00 2.027610000000000134e+00
2.102921167794182811e+00 1.999764000000000097e+00
2.148947875120341244e+00 1.971705000000000041e+00
2.195987491655247315e+00 1.943003999999999953e+00
2.244054377925685628e+00 1.911351999999999940e+00
2.293172994677545429e+00 1.873898000000000064e+00
2.343369202504593130e+00 1.828889999999999905e+00
2.394664687077192156e+00 1.776823000000000041e+00
2.447081854888045971e+00 1.720510999999999902e+00
2.500643915808320461e+00 1.663950000000000040e+00
2.555381505681890708e+00 1.610775000000000068e+00
2.611313778074887182e+00 1.563185999999999964e+00
2.668474113132628389e+00 1.521619000000000055e+00
2.726883526623927079e+00 1.484958999999999918e+00
2.786570957242854973e+00 1.451213000000000086e+00
2.847566896465314912e+00 1.418751000000000095e+00
2.909895098281706893e+00 1.387488999999999972e+00
2.973597428432943612e+00 1.359148000000000023e+00
3.038682427299522981e+00 1.336349000000000009e+00
3.105194680180473732e+00 1.321123000000000047e+00
3.173162659491088000e+00 1.313725999999999949e+00
3.242626267866870915e+00 1.312365000000000004e+00
3.313595350363004233e+00 1.313728999999999925e+00
3.386134456627003964e+00 1.314189999999999969e+00
3.460243531939777739e+00 1.311401000000000039e+00
3.535992871438371044e+00 1.305261999999999922e+00
3.613382523514086397e+00 1.297368999999999994e+00
3.692475841976804229e+00 1.289417999999999953e+00
3.773300128292204736e+00 1.281943999999999972e+00
3.855897402281920350e+00 1.274196000000000106e+00
3.940296625529969621e+00 1.264933000000000085e+00
4.026542971266589888e+00 1.253449999999999953e+00
4.114684485993613805e+00 1.240358999999999989e+00
4.204754736656211023e+00 1.227632000000000057e+00
4.296787721499407020e+00 1.217834000000000083e+00
4.390837200929101236e+00 1.213119000000000058e+00
4.486960891648868355e+00 1.214464999999999906e+00
4.585157844058781684e+00 1.221497999999999973e+00
4.685530612914259763e+00 1.232982000000000022e+00
4.788102522851219511e+00 1.247530999999999946e+00
4.892894538551115780e+00 1.263957999999999915e+00
