# frequency(Hz) HVamp
2.000000000000000042e-02 1.560688999999999993e+00
2.043777802275861116e-02 1.532804999999999973e+00
2.088513892042544867e-02 1.501970000000000027e+00
2.134229185993890415e-02 1.466209000000000096e+00
2.180945121728470465e-02 1.427944000000000102e+00
2.228683671448790371e-02 1.390949999999999909e+00
2.277467095838639488e-02 1.358289000000000080e+00
2.327318386720582041e-02 1.332033999999999940e+00
2.378260869151607032e-02 1.314089999999999980e+00
2.430318396985316209e-02 1.307183999999999902e+00
2.483515418061077798e-02 1.314421000000000062e+00
2.537876860438217572e-02 1.337795000000000067e+00
2.593428185548686538e-02 1.376678999999999986e+00
2.650195524800330604e-02 1.426941999999999933e+00
2.708205410122367304e-02 1.482469000000000037e+00
2.767485116257483238e-02 1.540148000000000073e+00
2.828062296556268368e-02 1.603521999999999892e+00
2.889965516642458918e-02 1.678787999999999947e+00
2.953223712425469966e-02 1.766127999999999920e+00
3.017866585007221089e-02 1.854627999999999943e+00
3.083924344304486698e-02 1.925470999999999933e+00
3.151428172097601316e-02 1.961927999999999894e+00
3.220409460893151193e-02 1.959224999999999994e+00
3.290900679366954434e-02 1.926820999999999895e+00
3.362935008254323843e-02 1.881906000000000079e+00
3.436545982617606604e-02 1.839750999999999914e+00
3.511768145762538679e-02 1.807511000000000090e+00
3.588636982920923035e-02 1.784149999999999903e+00
3.667188287528685281e-02 1.764966999999999953e+00
3.747459035401046190e-02 1.746131000000000100e+00
3.829486888200696326e-02 1.725796000000000108e+00
3.913310161841203338e-02 1.702838000000000074e+00
3.998968266187323539e-02 1.675747000000000098e+00
4.086501260624340881e-02 1.642827000000000037e+00
4.175950326235679244e-02 1.603609999999999980e+00
4.267357455111880221e-02 1.560189000000000048e+00
4.360765235805109941e-02 1.516210000000000058e+00
4.456217573218773653e-02 1.473799999999999999e+00
4.553759360593897382e-02 1.432028999999999996e+00
4.653436264861679494e-02 1.388546999999999976e+00
4.755294901990994583e-02 1.342980999999999980e+00
4.859383060501651364e-02 1.299123999999999945e+00
4.965749734357217948e-02 1.263031999999999933e+00
5.074444382592605690e-02 1.238668000000000102e+00
5.185518671652646766e-02 1.224966999999999917e+00
5.299023919793973553e-02 1.216043999999999903e+00
5.415013688613103116e-02 1.203967999999999927e+00
5.533542508618215922e-02 1.182466000000000017e+00
5.654665825930951795e-02 1.149755000000000082e+00
5.778440269534190765e-02 1.109086000000000016e+00
5.904923992113619846e-02 1.067447999999999952e+00
6.034176368113722960e-02 1.033620999999999901e+00
6.166257977365023624e-02 1.015732000000000079e+00
6.301230579922413588e-02 1.018910999999999900e+00
6.439157495481964699e-02 1.043458999999999914e+00
6.580103648476649802e-02 1.083712000000000009e+00
6.724135160227064090e-02 1.129064999999999985e+00
6.871319291929786632e-02 1.167396000000000100e+00
7.021724865648072689e-02 1.189478999999999953e+00
7.175422799231455373e-02 1.192984999999999962e+00
7.332484622679873165e-02 1.183515000000000095e+00
7.492985067379918929e-02 1.170814999999999939e+00
7.656998328017844413e-02 1.162833999999999923e+00
7.824601847091161577e-02 1.162482000000000015e+00
7.995873489609482687e-02 1.168509000000000020e+00
8.170894587125514252e-02 1.178220999999999963e+00
8.349746848200181870e-02 1.189632999999999940e+00
8.532513483931059017e-02 1.201975999999999933e+00
8.719280666320453066e-02 1.214647000000000032e+00
8.910136197668877545e-02 1.225856999999999974e+00
9.105169441740208758e-02 1.232674000000000047e+00
9.304472101470850909e-02 1.232679000000000080e+00
9.508136492722282784e-02 1.225640999999999980e+00
9.716259003207046441e-02 1.213673000000000002e+00
9.928937600698042876e-02 1.199989999999999890e+00
1.014627169666056788e-01 1.187408000000000019e+00
1.036836198025345573e-01 1.177391999999999994e+00
1.059531470945422049e-01 1.169815999999999967e+00
1.082723426204657002e-01 1.163229999999999986e+00
1.106423073612318730e-01 1.155392999999999892e+00
1.130641434367904014e-01 1.144023000000000012e+00
1.155389888050807612e-01 1.127879000000000076e+00
1.180680199308263012e-01 1.107718999999999898e+00
1.206523964642573915e-01 1.086370999999999976e+00
1.232933427266421494e-01 1.067798999999999943e+00
1.259921091142061633e-01 1.055665000000000076e+00
1.287499385219043613e-01 1.051927999999999974e+00
1.315681276210838024e-01 1.056059999999999999e+00
1.344480149355610776e-01 1.065474000000000032e+00
1.373909270603933253e-01 1.076932000000000000e+00
1.403982677661723133e-01 1.087833999999999968e+00
1.434714465996406174e-01 1.096449999999999925e+00
1.466118729226930095e-01 1.101318000000000019e+00
1.498210387691902012e-01 1.100900999999999907e+00
1.531004603883944215e-01 1.094084999999999974e+00
1.564516759885790365e-01 1.080880999999999981e+00
1.598762174374112610e-01 1.062588000000000088e+00
1.633757347823671657e-01 1.041317999999999966e+00
1.669518482487836186e-01 1.019250999999999907e+00
1.706062493069121222e-01 9.980489999999999640e-01
1.743406480276755433e-01 9.787679999999999714e-01
1.781567686922972404e-01 9.621429999999999705e-01
1.820564109071452219e-01 9.485820000000000363e-01
1.860414236112984399e-01 9.377450000000000507e-01
1.901136708649468487e-01 9.285349999999999993e-01
1.942750635716576912e-01 9.199469999999999592e-01
1.985275213739692568e-01 9.119239999999999569e-01
2.028730886819132551e-01 9.051310000000000189e-01
2.073137384534022021e-01 8.998359999999999692e-01
2.118516148918974384e-01 8.951430000000000220e-01
2.164888283105038391e-01 8.893320000000000114e-01
2.212275340673810209e-01 8.809949999999999726e-01
2.260699835805370650e-01 8.699799999999999756e-01
2.310183752015635139e-01 8.574869999999999992e-01
2.360751096568884100e-01 8.453709999999999836e-01
2.412425341466744866e-01 8.352779999999999649e-01
2.465230998307618715e-01 8.280790000000000095e-01
2.519191833183147544e-01 8.236510000000000220e-01
2.574334553825345373e-01 8.210690000000000488e-01
2.630683822583526066e-01 8.192580000000000418e-01
2.688266710467492326e-01 8.177119999999999944e-01
2.747110108843249798e-01 8.165320000000000356e-01
2.807241335168895180e-01 8.157339999999999591e-01
2.868688920234096495e-01 8.147560000000000358e-01
2.931481028187655768e-01 8.126480000000000370e-01
2.995647922697904919e-01 8.085970000000000102e-01
3.061219491886544297e-01 8.022979999999999556e-01
3.128225983045015424e-01 7.939929999999999488e-01
3.196699982673885665e-01 7.842660000000000187e-01
3.266672524899394969e-01 7.738129999999999731e-01
3.338175913859038335e-01 7.633109999999999618e-01
3.411245032800827026e-01 7.533199999999999896e-01
3.485912903071751723e-01 7.441910000000000469e-01
3.562216425308692980e-01 7.359729999999999883e-01
3.640189144227933826e-01 7.283720000000000194e-01
3.719868599361595973e-01 7.209010000000000140e-01
3.801292743636255911e-01 7.131570000000000409e-01
3.884498326752345854e-01 7.049410000000000398e-01
3.969526737144291051e-01 6.962500000000000355e-01
4.056414997215270768e-01 6.873420000000000085e-01
4.145204868460213854e-01 6.789340000000000375e-01
4.235940173275368759e-01 6.723130000000000495e-01
4.328659535344370757e-01 6.689880000000000271e-01
4.423408678727827614e-01 6.699119999999999520e-01
4.520233696082087693e-01 6.747440000000000104e-01
4.619176604055267865e-01 6.817809999999999704e-01
4.720285331807737017e-01 6.887410000000000476e-01
4.823605567984378673e-01 6.940049999999999830e-01
4.929189725005434508e-01 6.975400000000000489e-01
5.037085542305222985e-01 7.009090000000000042e-01
5.147340034826902722e-01 7.062829999999999941e-01
5.260010193899755659e-01 7.150440000000000129e-01
5.375147682182568332e-01 7.267850000000000144e-01
5.492803329078241870e-01 7.393710000000000004e-01
5.613033013614973088e-01 7.500930000000000097e-01
5.735898580135665448e-01 7.570900000000000407e-01
5.861448258358571417e-01 7.600989999999999691e-01
5.989749143316128732e-01 7.602659999999999973e-01
6.120861303119130570e-01 7.593309999999999782e-01
6.254839682204105245e-01 7.586730000000000418e-01
6.391749019026319312e-01 7.586889999999999468e-01
6.531657310067570110e-01 7.587660000000000515e-01
6.674631727194452191e-01 7.577580000000000426e-01
6.820728740300071591e-01 7.548040000000000305e-01
6.970030263871405118e-01 7.501999999999999780e-01
7.122593364734473020e-01 7.457260000000000000e-01
7.278502433567288765e-01 7.437169999999999614e-01
7.437819826252529687e-01 7.453419999999999490e-01
7.600626595656545526e-01 7.496990000000000043e-01
7.766996323880640540e-01 7.546110000000000317e-01
7.937005574159013976e-01 7.582489999999999508e-01
8.110740810733430006e-01 7.601710000000000411e-01
8.288272757110509703e-01 7.612999999999999767e-01
8.469695429752346350e-01 7.632170000000000343e-01
8.655086161382736787e-01 7.671519999999999451e-01
8.844540397880493732e-01 7.730390000000000317e-01
9.038134601323364326e-01 7.794050000000000145e-01
9.235972635660274488e-01 7.846349999999999714e-01
9.438138195107080852e-01 7.886459999999999582e-01
9.644726842046378312e-01 7.931880000000000042e-01
9.855838648094324972e-01 8.003559999999999564e-01
1.007156856623164121e+00 8.106619999999999937e-01
1.029202594413900052e+00 8.223059999999999814e-01
1.051730412046940843e+00 8.320840000000000458e-01
1.074752242739242414e+00 8.371539999999999537e-01
1.098277132661993116e+00 8.366730000000000000e-01
1.122316821060050707e+00 8.324139999999999873e-01
1.146883687643933891e+00 8.278290000000000370e-01
1.171988078537265165e+00 8.260650000000000492e-01
1.197640647923590596e+00 8.282730000000000370e-01
1.223856887071053556e+00 8.332439999999999847e-01
1.250645645814651763e+00 8.382899999999999796e-01
1.278020601692099190e+00 8.407550000000000301e-01
1.305994514823037633e+00 8.396510000000000362e-01
1.334582502555725414e+00 8.367050000000000320e-01
1.363795059788775355e+00 8.359290000000000331e-01
1.393646643680787944e+00 8.418229999999999880e-01
1.424152486855072564e+00 8.575580000000000425e-01
1.455324450032890349e+00 8.841189999999999882e-01
1.487179029585939727e+00 9.202090000000000547e-01
1.519733742648287977e+00 9.625019999999999687e-01
1.552997595959721311e+00 1.006488000000000049e+00
1.586991746055928854e+00 1.048405000000000031e+00
1.621728568046108876e+00 1.087698000000000054e+00
1.657226002538870313e+00 1.127936999999999967e+00
1.693503044918474698e+00 1.174746999999999986e+00
1.730570880722132499e+00 1.231943000000000010e+00
1.768449794594556090e+00 1.298483000000000054e+00
1.807161419272292235e+00 1.368335000000000079e+00
1.846718657952616915e+00 1.433605999999999936e+00
1.887141395956233536e+00 1.489089000000000107e+00
1.928446905999783967e+00 1.535207999999999906e+00
1.970660801980119947e+00 1.577474999999999961e+00
2.013794492272063863e+00 1.623307000000000055e+00
2.057875696076454375e+00 1.678371000000000057e+00
2.102921167794182811e+00 1.744456999999999924e+00
2.148947875120341244e+00 1.819730000000000070e+00
2.195987491655247315e+00 1.900640000000000107e+00
2.244054377925685628e+00 1.983915000000000095e+00
2.293172994677545429e+00 2.067429999999999879e+00
2.343369202504593130e+00 2.149380999999999986e+00
2.394664687077192156e+00 2.226297999999999888e+00
2.447081854888045971e+00 2.291935000000000056e+00
2.500643915808320461e+00 2.339496000000000020e+00
2.555381505681890708e+00 2.366579000000000210e+00
2.611313778074887182e+00 2.377581000000000166e+00
2.668474113132628389e+00 2.380342000000000180e+00
2.726883526623927079e+00 2.380398000000000014e+00
2.786570957242854973e+00 2.377861999999999920e+00
2.847566896465314912e+00 2.368526999999999827e+00
2.909895098281706893e+00 2.347621000000000180e+00
2.973597428432943612e+00 2.313263000000000069e+00
3.038682427299522981e+00 2.267179000000000055e+00
3.105194680180473732e+00 2.212658999999999931e+00
3.173162659491088000e+00 2.152213000000000154e+00
3.242626267866870915e+00 2.086857000000000184e+00
3.313595350363004233e+00 2.017488000000000170e+00
3.386134456627003964e+00 1.946838000000000068e+00
3.460243531939777739e+00 1.879636000000000084e+00
3.535992871438371044e+00 1.820618999999999987e+00
3.613382523514086397e+00 1.772065000000000001e+00
3.692475841976804229e+00 1.732539000000000051e+00
3.773300128292204736e+00 1.697441999999999895e+00
3.855897402281920350e+00 1.661135000000000028e+00
3.940296625529969621e+00 1.619756999999999891e+00
4.026542971266589888e+00 1.573293000000000053e+00
4.114684485993613805e+00 1.525673999999999975e+00
4.204754736656211023e+00 1.482861999999999902e+00
4.296787721499407020e+00 1.450423000000000018e+00
4.390837200929101236e+00 1.431834000000000051e+00
4.486960891648868355e+00 1.427710000000000035e+00
4.585157844058781684e+00 1.435791999999999957e+00
4.685530612914259763e+00 1.451449999999999907e+00
4.788102522851219511e+00 1.468704999999999927e+00
4.892894538551115780e+00 1.481713000000000058e+00
