# frequency(Hz) HVamp
2.000000000000000042e-02 3.637719999999999843e-01
2.043777802275861116e-02 3.680869999999999975e-01
2.088513892042544867e-02 3.707179999999999920e-01
2.134229185993890415e-02 3.690289999999999959e-01
2.180945121728470465e-02 3.609910000000000063e-01
2.228683671448790371e-02 3.462689999999999935e-01
2.277467095838639488e-02 3.263380000000000170e-01
2.327318386720582041e-02 3.035180000000000100e-01
2.378260869151607032e-02 2.798740000000000117e-01
2.430318396985316209e-02 2.564469999999999805e-01
2.483515418061077798e-02 2.326459999999999917e-01
2.537876860438217572e-02 2.064660000000000106e-01
2.593428185548686538e-02 1.759999999999999898e-01
2.650195524800330604e-02 1.415649999999999964e-01
2.708205410122367304e-02 1.064950000000000063e-01
2.767485116257483238e-02 7.526800000000000157e-02
2.828062296556268368e-02 5.084299999999999931e-02
2.889965516642458918e-02 3.398999999999999938e-02
2.953223712425469966e-02 2.440900000000000014e-02
3.017866585007221089e-02 2.182100000000000012e-02
3.083924344304486698e-02 2.598400000000000015e-02
3.151428172097601316e-02 3.589300000000000129e-02
3.220409460893151193e-02 4.968100000000000294e-02
3.290900679366954434e-02 6.591600000000000237e-02
3.362935008254323843e-02 8.487400000000000500e-02
3.436545982617606604e-02 1.083849999999999952e-01
3.511768145762538679e-02 1.384710000000000107e-01
3.588636982920923035e-02 1.755400000000000016e-01
3.667188287528685281e-02 2.170870000000000022e-01
3.747459035401046190e-02 2.582570000000000143e-01
3.829486888200696326e-02 2.943189999999999973e-01
3.913310161841203338e-02 3.232360000000000233e-01
3.998968266187323539e-02 3.461429999999999785e-01
4.086501260624340881e-02 3.653350000000000208e-01
4.175950326235679244e-02 3.817369999999999930e-01
4.267357455111880221e-02 3.942399999999999793e-01
4.360765235805109941e-02 4.013909999999999978e-01
4.456217573218773653e-02 4.032459999999999933e-01
4.553759360593897382e-02 4.008079999999999976e-01
4.653436264861679494e-02 3.942209999999999881e-01
4.755294901990994583e-02 3.825419999999999932e-01
4.859383060501651364e-02 3.649029999999999774e-01
4.965749734357217948e-02 3.415730000000000155e-01
5.074444382592605690e-02 3.145430000000000170e-01
5.185518671652646766e-02 2.871500000000000163e-01
5.299023919793973553e-02 2.628770000000000273e-01
5.415013688613103116e-02 2.441919999999999924e-01
5.533542508618215922e-02 2.320859999999999868e-01
5.654665825930951795e-02 2.261789999999999912e-01
5.778440269534190765e-02 2.249639999999999973e-01
5.904923992113619846e-02 2.260469999999999979e-01
6.034176368113722960e-02 2.265880000000000116e-01
6.166257977365023624e-02 2.240749999999999964e-01
6.301230579922413588e-02 2.171410000000000007e-01
6.439157495481964699e-02 2.058480000000000032e-01
6.580103648476649802e-02 1.912760000000000016e-01
6.724135160227064090e-02 1.749890000000000057e-01
6.871319291929786632e-02 1.587079999999999880e-01
7.021724865648072689e-02 1.439570000000000016e-01
7.175422799231455373e-02 1.315669999999999895e-01
7.332484622679873165e-02 1.214660000000000045e-01
7.492985067379918929e-02 1.130420000000000036e-01
7.656998328017844413e-02 1.055930000000000063e-01
7.824601847091161577e-02 9.859400000000000108e-02
7.995873489609482687e-02 9.183800000000000296e-02
8.170894587125514252e-02 8.524700000000000333e-02
8.349746848200181870e-02 7.845699999999999896e-02
8.532513483931059017e-02 7.081999999999999407e-02
8.719280666320453066e-02 6.200100000000000056e-02
8.910136197668877545e-02 5.251000000000000112e-02
9.105169441740208758e-02 4.360499999999999793e-02
9.304472101470850909e-02 3.656199999999999728e-02
9.508136492722282784e-02 3.160299999999999915e-02
9.716259003207046441e-02 2.725100000000000092e-02
9.928937600698042876e-02 2.098600000000000118e-02
1.014627169666056788e-01 1.094099999999999934e-02
1.036836198025345573e-01 -2.661000000000000171e-03
1.059531470945422049e-01 -1.747100000000000042e-02
1.082723426204657002e-01 -3.030899999999999914e-02
1.106423073612318730e-01 -3.873000000000000054e-02
1.130641434367904014e-01 -4.188000000000000056e-02
1.155389888050807612e-01 -4.049400000000000222e-02
1.180680199308263012e-01 -3.639099999999999974e-02
1.206523964642573915e-01 -3.173900000000000332e-02
1.232933427266421494e-01 -2.839600000000000110e-02
1.259921091142061633e-01 -2.763399999999999884e-02
1.287499385219043613e-01 -3.026500000000000024e-02
1.315681276210838024e-01 -3.678100000000000119e-02
1.344480149355610776e-01 -4.720300000000000190e-02
1.373909270603933253e-01 -6.059300000000000103e-02
1.403982677661723133e-01 -7.471500000000000363e-02
1.434714465996406174e-01 -8.634699999999999320e-02
1.466118729226930095e-01 -9.228100000000000191e-02
1.498210387691902012e-01 -9.071500000000000397e-02
1.531004603883944215e-01 -8.235399999999999665e-02
1.564516759885790365e-01 -7.037599999999999412e-02
1.598762174374112610e-01 -5.900400000000000089e-02
1.633757347823671657e-01 -5.142100000000000143e-02
1.669518482487836186e-01 -4.827100000000000141e-02
1.706062493069121222e-01 -4.779699999999999921e-02
1.743406480276755433e-01 -4.746399999999999925e-02
1.781567686922972404e-01 -4.569399999999999851e-02
1.820564109071452219e-01 -4.235300000000000176e-02
1.860414236112984399e-01 -3.814000000000000029e-02
1.901136708649468487e-01 -3.392099999999999976e-02
1.942750635716576912e-01 -3.056499999999999842e-02
1.985275213739692568e-01 -2.902700000000000072e-02
2.028730886819132551e-01 -3.017699999999999896e-02
2.073137384534022021e-01 -3.415900000000000186e-02
2.118516148918974384e-01 -3.969799999999999718e-02
2.164888283105038391e-01 -4.427999999999999992e-02
2.212275340673810209e-01 -4.531700000000000311e-02
2.260699835805370650e-01 -4.136800000000000199e-02
2.310183752015635139e-01 -3.269199999999999884e-02
2.360751096568884100e-01 -2.110899999999999929e-02
2.412425341466744866e-01 -9.436999999999999209e-03
2.465230998307618715e-01 -5.680000000000000370e-04
2.519191833183147544e-01 3.618999999999999821e-03
2.574334553825345373e-01 2.984000000000000107e-03
2.630683822583526066e-01 -9.759999999999999796e-04
2.688266710467492326e-01 -5.943999999999999631e-03
2.747110108843249798e-01 -9.721999999999999739e-03
2.807241335168895180e-01 -1.089200000000000064e-02
2.868688920234096495e-01 -9.185999999999999721e-03
2.931481028187655768e-01 -5.505000000000000344e-03
2.995647922697904919e-01 -1.536000000000000039e-03
3.061219491886544297e-01 8.970000000000000109e-04
3.128225983045015424e-01 5.789999999999999791e-04
3.196699982673885665e-01 -2.554999999999999979e-03
3.266672524899394969e-01 -7.478000000000000272e-03
3.338175913859038335e-01 -1.274199999999999985e-02
3.411245032800827026e-01 -1.725099999999999897e-02
3.485912903071751723e-01 -2.067700000000000093e-02
3.562216425308692980e-01 -2.330700000000000133e-02
3.640189144227933826e-01 -2.550799999999999942e-02
3.719868599361595973e-01 -2.735699999999999937e-02
3.801292743636255911e-01 -2.868000000000000063e-02
3.884498326752345854e-01 -2.933399999999999896e-02
3.969526737144291051e-01 -2.950099999999999945e-02
4.056414997215270768e-01 -2.977099999999999885e-02
4.145204868460213854e-01 -3.094399999999999928e-02
4.235940173275368759e-01 -3.366500000000000048e-02
4.328659535344370757e-01 -3.806400000000000061e-02
4.423408678727827614e-01 -4.361399999999999999e-02
4.520233696082087693e-01 -4.941099999999999659e-02
4.619176604055267865e-01 -5.474500000000000199e-02
4.720285331807737017e-01 -5.946099999999999997e-02
4.823605567984378673e-01 -6.376999999999999336e-02
4.929189725005434508e-01 -6.787200000000000177e-02
5.037085542305222985e-01 -7.170899999999999497e-02
5.147340034826902722e-01 -7.487900000000000111e-02
5.260010193899755659e-01 -7.678100000000000203e-02
5.375147682182568332e-01 -7.694800000000000251e-02
5.492803329078241870e-01 -7.533499999999999919e-02
5.613033013614973088e-01 -7.233599999999999752e-02
5.735898580135665448e-01 -6.845500000000000196e-02
5.861448258358571417e-01 -6.384199999999999597e-02
5.989749143316128732e-01 -5.815399999999999736e-02
6.120861303119130570e-01 -5.099000000000000060e-02
6.254839682204105245e-01 -4.254299999999999748e-02
6.391749019026319312e-01 -3.384800000000000308e-02
6.531657310067570110e-01 -2.634500000000000036e-02
6.674631727194452191e-01 -2.104299999999999921e-02
6.820728740300071591e-01 -1.795799999999999827e-02
6.970030263871405118e-01 -1.632099999999999870e-02
7.122593364734473020e-01 -1.517499999999999925e-02
7.278502433567288765e-01 -1.369500000000000058e-02
7.437819826252529687e-01 -1.117100000000000037e-02
7.600626595656545526e-01 -7.135999999999999982e-03
7.766996323880640540e-01 -1.714999999999999945e-03
7.937005574159013976e-01 4.231999999999999651e-03
8.110740810733430006e-01 9.553999999999999992e-03
8.288272757110509703e-01 1.355400000000000008e-02
8.469695429752346350e-01 1.641799999999999857e-02
8.655086161382736787e-01 1.899599999999999900e-02
8.844540397880493732e-01 2.213400000000000090e-02
9.038134601323364326e-01 2.604000000000000065e-02
9.235972635660274488e-01 3.014800000000000119e-02
9.438138195107080852e-01 3.357199999999999768e-02
9.644726842046378312e-01 3.573400000000000187e-02
9.855838648094324972e-01 3.665899999999999714e-02
1.007156856623164121e+00 3.683000000000000163e-02
1.029202594413900052e+00 3.691099999999999937e-02
1.051730412046940843e+00 3.760399999999999854e-02
1.074752242739242414e+00 3.967999999999999999e-02
1.098277132661993116e+00 4.393500000000000183e-02
1.122316821060050707e+00 5.086700000000000249e-02
1.146883687643933891e+00 6.035800000000000193e-02
1.171988078537265165e+00 7.176000000000000434e-02
1.197640647923590596e+00 8.441300000000000192e-02
1.223856887071053556e+00 9.811999999999999889e-02
1.250645645814651763e+00 1.132050000000000001e-01
1.278020601692099190e+00 1.300000000000000044e-01
1.305994514823037633e+00 1.479719999999999924e-01
1.334582502555725414e+00 1.651360000000000050e-01
1.363795059788775355e+00 1.786069999999999880e-01
1.393646643680787944e+00 1.863559999999999939e-01
1.424152486855072564e+00 1.888489999999999891e-01
1.455324450032890349e+00 1.891089999999999993e-01
1.487179029585939727e+00 1.912449999999999983e-01
1.519733742648287977e+00 1.985860000000000125e-01
1.552997595959721311e+00 2.123390000000000000e-01
1.586991746055928854e+00 2.312289999999999901e-01
1.621728568046108876e+00 2.522800000000000042e-01
1.657226002538870313e+00 2.723510000000000097e-01
1.693503044918474698e+00 2.894809999999999883e-01
1.730570880722132499e+00 3.033080000000000220e-01
1.768449794594556090e+00 3.147209999999999730e-01
1.807161419272292235e+00 3.252990000000000048e-01
1.846718657952616915e+00 3.368389999999999995e-01
1.887141395956233536e+00 3.509990000000000054e-01
1.928446905999783967e+00 3.689239999999999742e-01
1.970660801980119947e+00 3.908449999999999980e-01
2.013794492272063863e+00 4.157950000000000257e-01
2.057875696076454375e+00 4.417269999999999808e-01
2.102921167794182811e+00 4.660549999999999971e-01
2.148947875120341244e+00 4.863009999999999833e-01
2.195987491655247315e+00 5.007000000000000339e-01
2.244054377925685628e+00 5.086509999999999643e-01
2.293172994677545429e+00 5.107460000000000333e-01
2.343369202504593130e+00 5.082929999999999948e-01
2.394664687077192156e+00 5.026990000000000069e-01
2.447081854888045971e+00 4.952599999999999780e-01
2.500643915808320461e+00 4.873080000000000189e-01
2.555381505681890708e+00 4.801610000000000045e-01
2.611313778074887182e+00 4.748209999999999931e-01
2.668474113132628389e+00 4.716770000000000129e-01
2.726883526623927079e+00 4.703350000000000031e-01
2.786570957242854973e+00 4.697509999999999741e-01
2.847566896465314912e+00 4.687540000000000040e-01
2.909895098281706893e+00 4.665250000000000230e-01
2.973597428432943612e+00 4.627459999999999907e-01
3.038682427299522981e+00 4.574420000000000153e-01
3.105194680180473732e+00 4.507070000000000243e-01
3.173162659491088000e+00 4.425149999999999917e-01
3.242626267866870915e+00 4.328089999999999993e-01
3.313595350363004233e+00 4.217779999999999863e-01
3.386134456627003964e+00 4.100420000000000176e-01
3.460243531939777739e+00 3.985040000000000249e-01
3.535992871438371044e+00 3.879449999999999843e-01
3.613382523514086397e+00 3.787019999999999831e-01
3.692475841976804229e+00 3.705609999999999737e-01
3.773300128292204736e+00 3.628979999999999984e-01
3.855897402281920350e+00 3.550679999999999947e-01
3.940296625529969621e+00 3.468029999999999724e-01
4.026542971266589888e+00 3.383439999999999781e-01
4.114684485993613805e+00 3.302880000000000260e-01
4.204754736656211023e+00 3.233179999999999943e-01
4.296787721499407020e+00 3.179190000000000071e-01
4.390837200929101236e+00 3.141650000000000276e-01
4.486960891648868355e+00 3.116579999999999906e-01
4.585157844058781684e+00 3.096220000000000083e-01
4.685530612914259763e+00 3.070849999999999969e-01
4.788102522851219511e+00 3.030689999999999773e-01
4.892894538551115780e+00 2.968129999999999935e-01
