# frequency(Hz) HVamp
2.000000000000000042e-02 1.246650999999999954e+00
2.043777802275861116e-02 1.256288999999999989e+00
2.088513892042544867e-02 1.261981999999999937e+00
2.134229185993890415e-02 1.263684999999999947e+00
2.180945121728470465e-02 1.264208999999999916e+00
2.228683671448790371e-02 1.266423999999999994e+00
2.277467095838639488e-02 1.271120000000000028e+00
2.327318386720582041e-02 1.277058000000000026e+00
2.378260869151607032e-02 1.282375000000000043e+00
2.430318396985316209e-02 1.285778000000000088e+00
2.483515418061077798e-02 1.287209000000000048e+00
2.537876860438217572e-02 1.287382999999999944e+00
2.593428185548686538e-02 1.286561999999999983e+00
2.650195524800330604e-02 1.283851999999999993e+00
2.708205410122367304e-02 1.278024000000000049e+00
2.767485116257483238e-02 1.268739000000000061e+00
2.828062296556268368e-02 1.256372000000000044e+00
2.889965516642458918e-02 1.241125999999999951e+00
2.953223712425469966e-02 1.223419999999999952e+00
3.017866585007221089e-02 1.205105000000000093e+00
3.083924344304486698e-02 1.189513999999999960e+00
3.151428172097601316e-02 1.179656000000000038e+00
3.220409460893151193e-02 1.176045999999999925e+00
3.290900679366954434e-02 1.175952000000000108e+00
3.362935008254323843e-02 1.174579999999999957e+00
3.436545982617606604e-02 1.167451000000000016e+00
3.511768145762538679e-02 1.152627999999999986e+00
3.588636982920923035e-02 1.131275999999999948e+00
3.667188287528685281e-02 1.106517999999999891e+00
3.747459035401046190e-02 1.082194000000000100e+00
3.829486888200696326e-02 1.061903999999999959e+00
3.913310161841203338e-02 1.047930999999999946e+00
3.998968266187323539e-02 1.040365999999999902e+00
4.086501260624340881e-02 1.037076000000000109e+00
4.175950326235679244e-02 1.034985999999999962e+00
4.267357455111880221e-02 1.032105999999999968e+00
4.360765235805109941e-02 1.028852000000000100e+00
4.456217573218773653e-02 1.027238000000000095e+00
4.553759360593897382e-02 1.028121000000000063e+00
4.653436264861679494e-02 1.029341999999999979e+00
4.755294901990994583e-02 1.027959999999999985e+00
4.859383060501651364e-02 1.023810000000000109e+00
4.965749734357217948e-02 1.019333999999999962e+00
5.074444382592605690e-02 1.017687999999999926e+00
5.185518671652646766e-02 1.020834999999999937e+00
5.299023919793973553e-02 1.028364000000000056e+00
5.415013688613103116e-02 1.038424000000000014e+00
5.533542508618215922e-02 1.049520000000000008e+00
5.654665825930951795e-02 1.061190999999999995e+00
5.778440269534190765e-02 1.072835999999999901e+00
5.904923992113619846e-02 1.081803000000000070e+00
6.034176368113722960e-02 1.084230000000000027e+00
6.166257977365023624e-02 1.079493000000000036e+00
6.301230579922413588e-02 1.071814999999999962e+00
6.439157495481964699e-02 1.066780000000000062e+00
6.580103648476649802e-02 1.067171000000000092e+00
6.724135160227064090e-02 1.071101999999999999e+00
6.871319291929786632e-02 1.072893000000000097e+00
7.021724865648072689e-02 1.066090999999999900e+00
7.175422799231455373e-02 1.047390000000000043e+00
7.332484622679873165e-02 1.019403999999999977e+00
7.492985067379918929e-02 9.901959999999999651e-01
7.656998328017844413e-02 9.692720000000000224e-01
7.824601847091161577e-02 9.627799999999999692e-01
7.995873489609482687e-02 9.711560000000000192e-01
8.170894587125514252e-02 9.896960000000000202e-01
8.349746848200181870e-02 1.011036999999999964e+00
8.532513483931059017e-02 1.028326999999999991e+00
8.719280666320453066e-02 1.037671999999999928e+00
8.910136197668877545e-02 1.038952000000000098e+00
9.105169441740208758e-02 1.035031000000000034e+00
9.304472101470850909e-02 1.029752000000000001e+00
9.508136492722282784e-02 1.025408000000000097e+00
9.716259003207046441e-02 1.021301000000000014e+00
9.928937600698042876e-02 1.014953999999999912e+00
1.014627169666056788e-01 1.005120000000000013e+00
1.036836198025345573e-01 9.939729999999999954e-01
1.059531470945422049e-01 9.868240000000000345e-01
1.082723426204657002e-01 9.897789999999999644e-01
1.106423073612318730e-01 1.006748999999999894e+00
1.130641434367904014e-01 1.037644000000000011e+00
1.155389888050807612e-01 1.078640000000000043e+00
1.180680199308263012e-01 1.123993999999999938e+00
1.206523964642573915e-01 1.168500000000000094e+00
1.232933427266421494e-01 1.209967999999999932e+00
1.259921091142061633e-01 1.250463000000000102e+00
1.287499385219043613e-01 1.295042000000000026e+00
1.315681276210838024e-01 1.348686999999999969e+00
1.344480149355610776e-01 1.413369000000000097e+00
1.373909270603933253e-01 1.486599000000000004e+00
1.403982677661723133e-01 1.562513999999999958e+00
1.434714465996406174e-01 1.635440999999999923e+00
1.466118729226930095e-01 1.703351999999999977e+00
1.498210387691902012e-01 1.768103999999999898e+00
1.531004603883944215e-01 1.832656000000000063e+00
1.564516759885790365e-01 1.898165000000000102e+00
1.598762174374112610e-01 1.963022999999999962e+00
1.633757347823671657e-01 2.023552000000000017e+00
1.669518482487836186e-01 2.075108000000000175e+00
1.706062493069121222e-01 2.113213000000000008e+00
1.743406480276755433e-01 2.134491000000000138e+00
1.781567686922972404e-01 2.137049999999999894e+00
1.820564109071452219e-01 2.120960999999999874e+00
1.860414236112984399e-01 2.088957999999999871e+00
1.901136708649468487e-01 2.046260999999999886e+00
1.942750635716576912e-01 1.999551000000000078e+00
1.985275213739692568e-01 1.955923000000000078e+00
2.028730886819132551e-01 1.921761000000000053e+00
2.073137384534022021e-01 1.901316999999999924e+00
2.118516148918974384e-01 1.895439000000000096e+00
2.164888283105038391e-01 1.901618999999999948e+00
2.212275340673810209e-01 1.915459999999999940e+00
2.260699835805370650e-01 1.932090000000000085e+00
2.310183752015635139e-01 1.946817000000000020e+00
2.360751096568884100e-01 1.955829000000000040e+00
2.412425341466744866e-01 1.956828000000000012e+00
2.465230998307618715e-01 1.948730000000000073e+00
2.519191833183147544e-01 1.931375999999999982e+00
2.574334553825345373e-01 1.906333000000000055e+00
2.630683822583526066e-01 1.877518000000000020e+00
2.688266710467492326e-01 1.850105000000000111e+00
2.747110108843249798e-01 1.828316000000000052e+00
2.807241335168895180e-01 1.813504999999999923e+00
2.868688920234096495e-01 1.803663999999999934e+00
2.931481028187655768e-01 1.794774000000000092e+00
2.995647922697904919e-01 1.783338000000000090e+00
3.061219491886544297e-01 1.768550000000000066e+00
3.128225983045015424e-01 1.752539999999999987e+00
3.196699982673885665e-01 1.738310999999999940e+00
3.266672524899394969e-01 1.727079000000000031e+00
3.338175913859038335e-01 1.717273999999999967e+00
3.411245032800827026e-01 1.705689000000000011e+00
3.485912903071751723e-01 1.689443000000000028e+00
3.562216425308692980e-01 1.667499999999999982e+00
3.640189144227933826e-01 1.641213000000000033e+00
3.719868599361595973e-01 1.613677999999999946e+00
3.801292743636255911e-01 1.588340000000000085e+00
3.884498326752345854e-01 1.567633000000000054e+00
3.969526737144291051e-01 1.552335000000000020e+00
4.056414997215270768e-01 1.541843000000000075e+00
4.145204868460213854e-01 1.534874999999999989e+00
4.235940173275368759e-01 1.529962999999999962e+00
4.328659535344370757e-01 1.525593999999999895e+00
4.423408678727827614e-01 1.520213000000000036e+00
4.520233696082087693e-01 1.512450000000000072e+00
4.619176604055267865e-01 1.501543999999999990e+00
4.720285331807737017e-01 1.487640000000000073e+00
4.823605567984378673e-01 1.471886000000000028e+00
4.929189725005434508e-01 1.456166000000000071e+00
5.037085542305222985e-01 1.442363999999999979e+00
5.147340034826902722e-01 1.431564999999999976e+00
5.260010193899755659e-01 1.423777999999999988e+00
5.375147682182568332e-01 1.418487000000000053e+00
5.492803329078241870e-01 1.415472999999999981e+00
5.613033013614973088e-01 1.415008000000000044e+00
5.735898580135665448e-01 1.417483000000000049e+00
5.861448258358571417e-01 1.423035000000000050e+00
5.989749143316128732e-01 1.431470999999999938e+00
6.120861303119130570e-01 1.442496999999999918e+00
6.254839682204105245e-01 1.456317000000000084e+00
6.391749019026319312e-01 1.474066000000000098e+00
6.531657310067570110e-01 1.497171999999999947e+00
6.674631727194452191e-01 1.525781000000000054e+00
6.820728740300071591e-01 1.557490999999999959e+00
6.970030263871405118e-01 1.587471999999999994e+00
7.122593364734473020e-01 1.610074000000000005e+00
7.278502433567288765e-01 1.621232999999999924e+00
7.437819826252529687e-01 1.620405000000000095e+00
7.600626595656545526e-01 1.610673000000000021e+00
7.766996323880640540e-01 1.596694000000000058e+00
7.937005574159013976e-01 1.581816000000000111e+00
8.110740810733430006e-01 1.566551000000000027e+00
8.288272757110509703e-01 1.549546000000000090e+00
8.469695429752346350e-01 1.530175000000000063e+00
8.655086161382736787e-01 1.510517000000000110e+00
8.844540397880493732e-01 1.495128000000000013e+00
9.038134601323364326e-01 1.488987999999999978e+00
9.235972635660274488e-01 1.495257999999999976e+00
9.438138195107080852e-01 1.514313000000000020e+00
9.644726842046378312e-01 1.544218000000000091e+00
9.855838648094324972e-01 1.581485999999999947e+00
1.007156856623164121e+00 1.621439000000000075e+00
1.029202594413900052e+00 1.658687000000000022e+00
1.051730412046940843e+00 1.688190000000000079e+00
1.074752242739242414e+00 1.706385999999999958e+00
1.098277132661993116e+00 1.711791000000000063e+00
1.122316821060050707e+00 1.704952000000000023e+00
1.146883687643933891e+00 1.687998000000000109e+00
1.171988078537265165e+00 1.663936999999999999e+00
1.197640647923590596e+00 1.635925999999999991e+00
1.223856887071053556e+00 1.606851000000000029e+00
1.250645645814651763e+00 1.579369000000000023e+00
1.278020601692099190e+00 1.555997000000000074e+00
1.305994514823037633e+00 1.538610000000000033e+00
1.334582502555725414e+00 1.527506000000000030e+00
1.363795059788775355e+00 1.521169999999999911e+00
1.393646643680787944e+00 1.517257999999999996e+00
1.424152486855072564e+00 1.514040000000000052e+00
1.455324450032890349e+00 1.511354000000000086e+00
1.487179029585939727e+00 1.510656999999999917e+00
1.519733742648287977e+00 1.514300999999999897e+00
1.552997595959721311e+00 1.524194000000000049e+00
1.586991746055928854e+00 1.540222999999999898e+00
1.621728568046108876e+00 1.559331999999999940e+00
1.657226002538870313e+00 1.576569000000000109e+00
1.693503044918474698e+00 1.588066999999999895e+00
1.730570880722132499e+00 1.593696999999999919e+00
1.768449794594556090e+00 1.597339000000000064e+00
1.807161419272292235e+00 1.604834000000000094e+00
1.846718657952616915e+00 1.621067999999999953e+00
1.887141395956233536e+00 1.647752000000000105e+00
1.928446905999783967e+00 1.682716000000000101e+00
1.970660801980119947e+00 1.720574999999999966e+00
2.013794492272063863e+00 1.754377999999999993e+00
2.057875696076454375e+00 1.777668999999999944e+00
2.102921167794182811e+00 1.786249999999999893e+00
2.148947875120341244e+00 1.779112000000000027e+00
2.195987491655247315e+00 1.758431000000000077e+00
2.244054377925685628e+00 1.728753999999999902e+00
2.293172994677545429e+00 1.695672000000000068e+00
2.343369202504593130e+00 1.664288999999999907e+00
2.394664687077192156e+00 1.637793000000000054e+00
2.447081854888045971e+00 1.616789999999999949e+00
2.500643915808320461e+00 1.599591999999999903e+00
2.555381505681890708e+00 1.583004000000000078e+00
2.611313778074887182e+00 1.563609000000000027e+00
2.668474113132628389e+00 1.539601999999999915e+00
2.726883526623927079e+00 1.511968999999999896e+00
2.786570957242854973e+00 1.483740000000000059e+00
2.847566896465314912e+00 1.458117000000000107e+00
2.909895098281706893e+00 1.436971999999999916e+00
2.973597428432943612e+00 1.420136999999999983e+00
3.038682427299522981e+00 1.405458000000000096e+00
3.105194680180473732e+00 1.389582000000000095e+00
3.173162659491088000e+00 1.369132000000000016e+00
3.242626267866870915e+00 1.341930000000000067e+00
3.313595350363004233e+00 1.308076000000000016e+00
3.386134456627003964e+00 1.270361999999999991e+00
3.460243531939777739e+00 1.233597999999999972e+00
3.535992871438371044e+00 1.203184999999999949e+00
3.613382523514086397e+00 1.183491999999999988e+00
3.692475841976804229e+00 1.176576000000000066e+00
3.773300128292204736e+00 1.181577000000000099e+00
3.855897402281920350e+00 1.195013000000000103e+00
3.940296625529969621e+00 1.212034000000000056e+00
4.026542971266589888e+00 1.228240999999999916e+00
4.114684485993613805e+00 1.241309999999999913e+00
4.204754736656211023e+00 1.251632999999999996e+00
4.296787721499407020e+00 1.261703000000000019e+00
4.390837200929101236e+00 1.274623999999999979e+00
4.486960891648868355e+00 1.292662999999999895e+00
4.585157844058781684e+00 1.316494000000000053e+00
4.685530612914259763e+00 1.345196000000000058e+00
4.788102522851219511e+00 1.376614999999999922e+00
4.892894538551115780e+00 1.407850999999999964e+00
