# frequency(Hz) HVamp
2.000000000000000042e-02 1.977586000000000066e+00
2.043777802275861116e-02 2.057835999999999999e+00
2.088513892042544867e-02 2.118828999999999851e+00
2.134229185993890415e-02 2.147466999999999793e+00
2.180945121728470465e-02 2.135839999999999961e+00
2.228683671448790371e-02 2.083273000000000152e+00
2.277467095838639488e-02 1.997614999999999919e+00
2.327318386720582041e-02 1.891405000000000003e+00
2.378260869151607032e-02 1.777557999999999971e+00
2.430318396985316209e-02 1.669332000000000038e+00
2.483515418061077798e-02 1.580049000000000037e+00
2.537876860438217572e-02 1.520061000000000107e+00
2.593428185548686538e-02 1.494445999999999941e+00
2.650195524800330604e-02 1.503443000000000085e+00
2.708205410122367304e-02 1.544354999999999922e+00
2.767485116257483238e-02 1.613739999999999952e+00
2.828062296556268368e-02 1.709330999999999934e+00
2.889965516642458918e-02 1.830116999999999994e+00
2.953223712425469966e-02 1.973384000000000027e+00
3.017866585007221089e-02 2.129735000000000156e+00
3.083924344304486698e-02 2.279605000000000103e+00
3.151428172097601316e-02 2.396780000000000133e+00
3.220409460893151193e-02 2.461157000000000039e+00
3.290900679366954434e-02 2.471668000000000198e+00
3.362935008254323843e-02 2.445272999999999808e+00
3.436545982617606604e-02 2.402973999999999943e+00
3.511768145762538679e-02 2.358162000000000091e+00
3.588636982920923035e-02 2.315459000000000156e+00
3.667188287528685281e-02 2.276059000000000054e+00
3.747459035401046190e-02 2.242541999999999813e+00
3.829486888200696326e-02 2.219707999999999792e+00
3.913310161841203338e-02 2.212486000000000175e+00
3.998968266187323539e-02 2.223171999999999926e+00
4.086501260624340881e-02 2.249470000000000081e+00
4.175950326235679244e-02 2.284297000000000022e+00
4.267357455111880221e-02 2.317705000000000126e+00
4.360765235805109941e-02 2.339656000000000180e+00
4.456217573218773653e-02 2.341200999999999866e+00
4.553759360593897382e-02 2.313299999999999912e+00
4.653436264861679494e-02 2.247805000000000053e+00
4.755294901990994583e-02 2.145885999999999960e+00
4.859383060501651364e-02 2.024719999999999853e+00
4.965749734357217948e-02 1.908366000000000007e+00
5.074444382592605690e-02 1.812543999999999933e+00
5.185518671652646766e-02 1.738828999999999958e+00
5.299023919793973553e-02 1.679232000000000058e+00
5.415013688613103116e-02 1.624767999999999990e+00
5.533542508618215922e-02 1.571835000000000093e+00
5.654665825930951795e-02 1.523497000000000101e+00
5.778440269534190765e-02 1.486602999999999897e+00
5.904923992113619846e-02 1.468075000000000019e+00
6.034176368113722960e-02 1.472749000000000086e+00
6.166257977365023624e-02 1.502027999999999919e+00
6.301230579922413588e-02 1.552278999999999964e+00
6.439157495481964699e-02 1.613531999999999966e+00
6.580103648476649802e-02 1.670053000000000010e+00
6.724135160227064090e-02 1.705251000000000072e+00
6.871319291929786632e-02 1.709079999999999933e+00
7.021724865648072689e-02 1.682671999999999946e+00
7.175422799231455373e-02 1.637871999999999995e+00
7.332484622679873165e-02 1.592125999999999930e+00
7.492985067379918929e-02 1.561217999999999995e+00
7.656998328017844413e-02 1.553849000000000036e+00
7.824601847091161577e-02 1.569895999999999958e+00
7.995873489609482687e-02 1.601693000000000033e+00
8.170894587125514252e-02 1.637170999999999932e+00
8.349746848200181870e-02 1.664171999999999985e+00
8.532513483931059017e-02 1.674819000000000058e+00
8.719280666320453066e-02 1.667675000000000018e+00
8.910136197668877545e-02 1.646249999999999991e+00
9.105169441740208758e-02 1.615874000000000033e+00
9.304472101470850909e-02 1.581561999999999912e+00
9.508136492722282784e-02 1.547042000000000028e+00
9.716259003207046441e-02 1.514091000000000076e+00
9.928937600698042876e-02 1.482334999999999958e+00
1.014627169666056788e-01 1.449985999999999997e+00
1.036836198025345573e-01 1.415164000000000089e+00
1.059531470945422049e-01 1.377005999999999952e+00
1.082723426204657002e-01 1.336073000000000066e+00
1.106423073612318730e-01 1.293752999999999931e+00
1.130641434367904014e-01 1.251031000000000004e+00
1.155389888050807612e-01 1.207748999999999961e+00
1.180680199308263012e-01 1.163218000000000085e+00
1.206523964642573915e-01 1.117585999999999968e+00
1.232933427266421494e-01 1.072578000000000031e+00
1.259921091142061633e-01 1.030874000000000068e+00
1.287499385219043613e-01 9.946779999999999511e-01
1.315681276210838024e-01 9.645620000000000305e-01
1.344480149355610776e-01 9.393500000000000183e-01
1.373909270603933253e-01 9.170190000000000285e-01
1.403982677661723133e-01 8.957690000000000374e-01
1.434714465996406174e-01 8.744229999999999503e-01
1.466118729226930095e-01 8.523209999999999953e-01
1.498210387691902012e-01 8.292420000000000346e-01
1.531004603883944215e-01 8.056320000000000148e-01
1.564516759885790365e-01 7.827309999999999546e-01
1.598762174374112610e-01 7.620500000000000052e-01
1.633757347823671657e-01 7.442929999999999824e-01
1.669518482487836186e-01 7.287200000000000344e-01
1.706062493069121222e-01 7.136609999999999898e-01
1.743406480276755433e-01 6.975559999999999539e-01
1.781567686922972404e-01 6.796499999999999764e-01
1.820564109071452219e-01 6.601909999999999723e-01
1.860414236112984399e-01 6.402649999999999730e-01
1.901136708649468487e-01 6.213159999999999794e-01
1.942750635716576912e-01 6.046219999999999928e-01
1.985275213739692568e-01 5.910229999999999650e-01
2.028730886819132551e-01 5.808299999999999574e-01
2.073137384534022021e-01 5.737550000000000150e-01
2.118516148918974384e-01 5.689769999999999550e-01
2.164888283105038391e-01 5.654249999999999554e-01
2.212275340673810209e-01 5.621439999999999770e-01
2.260699835805370650e-01 5.584850000000000092e-01
2.310183752015635139e-01 5.540599999999999969e-01
2.360751096568884100e-01 5.486710000000000198e-01
2.412425341466744866e-01 5.422360000000000513e-01
2.465230998307618715e-01 5.347359999999999891e-01
2.519191833183147544e-01 5.262400000000000411e-01
2.574334553825345373e-01 5.170850000000000168e-01
2.630683822583526066e-01 5.080869999999999553e-01
2.688266710467492326e-01 5.004779999999999784e-01
2.747110108843249798e-01 4.954839999999999800e-01
2.807241335168895180e-01 4.937369999999999814e-01
2.868688920234096495e-01 4.949489999999999723e-01
2.931481028187655768e-01 4.980499999999999927e-01
2.995647922697904919e-01 5.016720000000000068e-01
3.061219491886544297e-01 5.047519999999999785e-01
3.128225983045015424e-01 5.069949999999999735e-01
3.196699982673885665e-01 5.088430000000000453e-01
3.266672524899394969e-01 5.109099999999999753e-01
3.338175913859038335e-01 5.132379999999999720e-01
3.411245032800827026e-01 5.148669999999999636e-01
3.485912903071751723e-01 5.140709999999999447e-01
3.562216425308692980e-01 5.091160000000000130e-01
3.640189144227933826e-01 4.990169999999999884e-01
3.719868599361595973e-01 4.838959999999999928e-01
3.801292743636255911e-01 4.648849999999999927e-01
3.884498326752345854e-01 4.437900000000000178e-01
3.969526737144291051e-01 4.228129999999999944e-01
4.056414997215270768e-01 4.043510000000000160e-01
4.145204868460213854e-01 3.907590000000000230e-01
4.235940173275368759e-01 3.839130000000000043e-01
4.328659535344370757e-01 3.845870000000000122e-01
4.423408678727827614e-01 3.919949999999999823e-01
4.520233696082087693e-01 4.039119999999999933e-01
4.619176604055267865e-01 4.173620000000000108e-01
4.720285331807737017e-01 4.295610000000000261e-01
4.823605567984378673e-01 4.388110000000000066e-01
4.929189725005434508e-01 4.450879999999999836e-01
5.037085542305222985e-01 4.501439999999999886e-01
5.147340034826902722e-01 4.569900000000000073e-01
5.260010193899755659e-01 4.686960000000000015e-01
5.375147682182568332e-01 4.868259999999999810e-01
5.492803329078241870e-01 5.103769999999999696e-01
5.613033013614973088e-01 5.360709999999999642e-01
5.735898580135665448e-01 5.601739999999999498e-01
5.861448258358571417e-01 5.808630000000000182e-01
5.989749143316128732e-01 5.992950000000000221e-01
6.120861303119130570e-01 6.181560000000000388e-01
6.254839682204105245e-01 6.387819999999999609e-01
6.391749019026319312e-01 6.592200000000000282e-01
6.531657310067570110e-01 6.747260000000000479e-01
6.674631727194452191e-01 6.803879999999999928e-01
6.820728740300071591e-01 6.743320000000000425e-01
6.970030263871405118e-01 6.593599999999999461e-01
7.122593364734473020e-01 6.418469999999999454e-01
7.278502433567288765e-01 6.285990000000000189e-01
7.437819826252529687e-01 6.238050000000000539e-01
7.600626595656545526e-01 6.279550000000000409e-01
7.766996323880640540e-01 6.388589999999999547e-01
7.937005574159013976e-01 6.533809999999999896e-01
8.110740810733430006e-01 6.687049999999999939e-01
8.288272757110509703e-01 6.831420000000000270e-01
8.469695429752346350e-01 6.966930000000000067e-01
8.655086161382736787e-01 7.107719999999999594e-01
8.844540397880493732e-01 7.268419999999999881e-01
9.038134601323364326e-01 7.451499999999999790e-01
9.235972635660274488e-01 7.649559999999999693e-01
9.438138195107080852e-01 7.859300000000000175e-01
9.644726842046378312e-01 8.089340000000000419e-01
9.855838648094324972e-01 8.350729999999999542e-01
1.007156856623164121e+00 8.639050000000000340e-01
1.029202594413900052e+00 8.927329999999999988e-01
1.051730412046940843e+00 9.176410000000000400e-01
1.074752242739242414e+00 9.354620000000000157e-01
1.098277132661993116e+00 9.455339999999999856e-01
1.122316821060050707e+00 9.502300000000000191e-01
1.146883687643933891e+00 9.537189999999999834e-01
1.171988078537265165e+00 9.597849999999999993e-01
1.197640647923590596e+00 9.702880000000000393e-01
1.223856887071053556e+00 9.850269999999999859e-01
1.250645645814651763e+00 1.002466999999999997e+00
1.278020601692099190e+00 1.020648000000000000e+00
1.305994514823037633e+00 1.038106999999999891e+00
1.334582502555725414e+00 1.054802999999999935e+00
1.363795059788775355e+00 1.072794000000000025e+00
1.393646643680787944e+00 1.096294000000000102e+00
1.424152486855072564e+00 1.130894000000000066e+00
1.455324450032890349e+00 1.181540999999999952e+00
1.487179029585939727e+00 1.249413000000000107e+00
1.519733742648287977e+00 1.329145999999999939e+00
1.552997595959721311e+00 1.408795999999999937e+00
1.586991746055928854e+00 1.474420000000000064e+00
1.621728568046108876e+00 1.517671999999999910e+00
1.657226002538870313e+00 1.540359000000000034e+00
1.693503044918474698e+00 1.551949999999999941e+00
1.730570880722132499e+00 1.562815000000000065e+00
1.768449794594556090e+00 1.578780000000000072e+00
1.807161419272292235e+00 1.599969999999999892e+00
1.846718657952616915e+00 1.623453000000000035e+00
1.887141395956233536e+00 1.647542000000000062e+00
1.928446905999783967e+00 1.674936999999999898e+00
1.970660801980119947e+00 1.712469000000000019e+00
2.013794492272063863e+00 1.767568999999999946e+00
2.057875696076454375e+00 1.843828000000000022e+00
2.102921167794182811e+00 1.938317999999999985e+00
2.148947875120341244e+00 2.042247999999999841e+00
2.195987491655247315e+00 2.144486999999999810e+00
2.244054377925685628e+00 2.235647999999999858e+00
2.293172994677545429e+00 2.310061000000000142e+00
2.343369202504593130e+00 2.364418000000000131e+00
2.394664687077192156e+00 2.394832000000000072e+00
2.447081854888045971e+00 2.395990999999999982e+00
2.500643915808320461e+00 2.364697000000000049e+00
2.555381505681890708e+00 2.305147999999999975e+00
2.611313778074887182e+00 2.229786999999999964e+00
2.668474113132628389e+00 2.153697000000000195e+00
2.726883526623927079e+00 2.087448999999999888e+00
2.786570957242854973e+00 2.033795000000000019e+00
2.847566896465314912e+00 1.989138999999999990e+00
2.909895098281706893e+00 1.947537999999999991e+00
2.973597428432943612e+00 1.904454000000000091e+00
3.038682427299522981e+00 1.858168000000000042e+00
3.105194680180473732e+00 1.808847000000000094e+00
3.173162659491088000e+00 1.757266999999999912e+00
3.242626267866870915e+00 1.704531999999999936e+00
3.313595350363004233e+00 1.652628999999999904e+00
3.386134456627003964e+00 1.604808000000000012e+00
3.460243531939777739e+00 1.564775000000000027e+00
3.535992871438371044e+00 1.534988000000000019e+00
3.613382523514086397e+00 1.515201999999999938e+00
3.692475841976804229e+00 1.502040999999999960e+00
3.773300128292204736e+00 1.489870000000000028e+00
3.855897402281920350e+00 1.472695000000000087e+00
3.940296625529969621e+00 1.446401000000000048e+00
4.026542971266589888e+00 1.410544999999999938e+00
4.114684485993613805e+00 1.368794000000000066e+00
4.204754736656211023e+00 1.327409999999999979e+00
4.296787721499407020e+00 1.292688000000000059e+00
4.390837200929101236e+00 1.268866999999999967e+00
4.486960891648868355e+00 1.257157000000000080e+00
4.585157844058781684e+00 1.255835999999999952e+00
4.685530612914259763e+00 1.260949000000000098e+00
4.788102522851219511e+00 1.267457999999999974e+00
4.892894538551115780e+00 1.270734000000000030e+00
