# frequency(Hz) HVamp
2.000000000000000042e-02 1.468247999999999998e+00
2.043777802275861116e-02 1.445921999999999930e+00
2.088513892042544867e-02 1.423953000000000024e+00
2.134229185993890415e-02 1.403138999999999914e+00
2.180945121728470465e-02 1.383415000000000061e+00
2.228683671448790371e-02 1.363976000000000077e+00
2.277467095838639488e-02 1.343895000000000062e+00
2.327318386720582041e-02 1.322370999999999963e+00
2.378260869151607032e-02 1.299131999999999953e+00
2.430318396985316209e-02 1.275087999999999999e+00
2.483515418061077798e-02 1.252026000000000083e+00
2.537876860438217572e-02 1.231171000000000015e+00
2.593428185548686538e-02 1.212417999999999996e+00
2.650195524800330604e-02 1.194768000000000052e+00
2.708205410122367304e-02 1.177024999999999988e+00
2.767485116257483238e-02 1.158430000000000071e+00
2.828062296556268368e-02 1.139472999999999958e+00
2.889965516642458918e-02 1.122621000000000091e+00
2.953223712425469966e-02 1.111431000000000058e+00
3.017866585007221089e-02 1.107957999999999998e+00
3.083924344304486698e-02 1.111353999999999953e+00
3.151428172097601316e-02 1.118760999999999894e+00
3.220409460893151193e-02 1.126883000000000079e+00
3.290900679366954434e-02 1.133121999999999963e+00
3.362935008254323843e-02 1.136034999999999906e+00
3.436545982617606604e-02 1.135064999999999991e+00
3.511768145762538679e-02 1.130104999999999915e+00
3.588636982920923035e-02 1.121445000000000025e+00
3.667188287528685281e-02 1.109928999999999943e+00
3.747459035401046190e-02 1.097032000000000007e+00
3.829486888200696326e-02 1.084735999999999922e+00
3.913310161841203338e-02 1.075045000000000028e+00
3.998968266187323539e-02 1.069341000000000097e+00
4.086501260624340881e-02 1.067806000000000033e+00
4.175950326235679244e-02 1.069225000000000092e+00
4.267357455111880221e-02 1.071644999999999959e+00
4.360765235805109941e-02 1.073852000000000029e+00
4.456217573218773653e-02 1.076670000000000016e+00
4.553759360593897382e-02 1.082497999999999960e+00
4.653436264861679494e-02 1.093131999999999993e+00
4.755294901990994583e-02 1.107914999999999983e+00
4.859383060501651364e-02 1.123836999999999975e+00
4.965749734357217948e-02 1.137833000000000094e+00
5.074444382592605690e-02 1.149412000000000100e+00
5.185518671652646766e-02 1.160612999999999895e+00
5.299023919793973553e-02 1.173836000000000102e+00
5.415013688613103116e-02 1.190743000000000107e+00
5.533542508618215922e-02 1.212504000000000026e+00
5.654665825930951795e-02 1.239697000000000049e+00
5.778440269534190765e-02 1.271374000000000004e+00
5.904923992113619846e-02 1.304561999999999999e+00
6.034176368113722960e-02 1.336205000000000087e+00
6.166257977365023624e-02 1.366740000000000066e+00
6.301230579922413588e-02 1.399785999999999975e+00
6.439157495481964699e-02 1.438133000000000106e+00
6.580103648476649802e-02 1.481403999999999943e+00
6.724135160227064090e-02 1.525773999999999964e+00
6.871319291929786632e-02 1.564381999999999939e+00
7.021724865648072689e-02 1.589148999999999923e+00
7.175422799231455373e-02 1.594105000000000105e+00
7.332484622679873165e-02 1.578138999999999958e+00
7.492985067379918929e-02 1.545322000000000084e+00
7.656998328017844413e-02 1.503080999999999889e+00
7.824601847091161577e-02 1.459140000000000104e+00
7.995873489609482687e-02 1.418924999999999992e+00
8.170894587125514252e-02 1.385045999999999999e+00
8.349746848200181870e-02 1.358108000000000093e+00
8.532513483931059017e-02 1.337345000000000006e+00
8.719280666320453066e-02 1.320656999999999970e+00
8.910136197668877545e-02 1.305088999999999944e+00
9.105169441740208758e-02 1.288278000000000034e+00
9.304472101470850909e-02 1.269654000000000060e+00
9.508136492722282784e-02 1.250215000000000076e+00
9.716259003207046441e-02 1.231697000000000042e+00
9.928937600698042876e-02 1.215985000000000094e+00
1.014627169666056788e-01 1.204356999999999900e+00
1.036836198025345573e-01 1.196595999999999993e+00
1.059531470945422049e-01 1.191032000000000091e+00
1.082723426204657002e-01 1.185848000000000013e+00
1.106423073612318730e-01 1.180263000000000062e+00
1.130641434367904014e-01 1.174444000000000043e+00
1.155389888050807612e-01 1.168711999999999973e+00
1.180680199308263012e-01 1.163153000000000103e+00
1.206523964642573915e-01 1.157758999999999983e+00
1.232933427266421494e-01 1.152622999999999953e+00
1.259921091142061633e-01 1.147790000000000088e+00
1.287499385219043613e-01 1.143080000000000096e+00
1.315681276210838024e-01 1.138495000000000035e+00
1.344480149355610776e-01 1.134797999999999973e+00
1.373909270603933253e-01 1.133224000000000009e+00
1.403982677661723133e-01 1.134341000000000044e+00
1.434714465996406174e-01 1.137297000000000002e+00
1.466118729226930095e-01 1.140285999999999911e+00
1.498210387691902012e-01 1.141774999999999984e+00
1.531004603883944215e-01 1.141380999999999979e+00
1.564516759885790365e-01 1.139842000000000022e+00
1.598762174374112610e-01 1.138452999999999937e+00
1.633757347823671657e-01 1.138425999999999938e+00
1.669518482487836186e-01 1.140452999999999939e+00
1.706062493069121222e-01 1.144817999999999891e+00
1.743406480276755433e-01 1.151964999999999906e+00
1.781567686922972404e-01 1.162633000000000028e+00
1.820564109071452219e-01 1.177221000000000073e+00
1.860414236112984399e-01 1.195278000000000063e+00
1.901136708649468487e-01 1.215848999999999958e+00
1.942750635716576912e-01 1.238193000000000099e+00
1.985275213739692568e-01 1.262030999999999903e+00
2.028730886819132551e-01 1.287274999999999947e+00
2.073137384534022021e-01 1.313665000000000083e+00
2.118516148918974384e-01 1.340557999999999916e+00
2.164888283105038391e-01 1.367070000000000007e+00
2.212275340673810209e-01 1.392522999999999955e+00
2.260699835805370650e-01 1.416900999999999966e+00
2.310183752015635139e-01 1.441187999999999914e+00
2.360751096568884100e-01 1.467473999999999945e+00
2.412425341466744866e-01 1.498188000000000075e+00
2.465230998307618715e-01 1.534483999999999959e+00
2.519191833183147544e-01 1.575156000000000001e+00
2.574334553825345373e-01 1.616959999999999953e+00
2.630683822583526066e-01 1.655790000000000095e+00
2.688266710467492326e-01 1.687820000000000098e+00
2.747110108843249798e-01 1.710166999999999993e+00
2.807241335168895180e-01 1.721068999999999960e+00
2.868688920234096495e-01 1.719862000000000002e+00
2.931481028187655768e-01 1.707290999999999892e+00
2.995647922697904919e-01 1.685921000000000003e+00
3.061219491886544297e-01 1.659875999999999907e+00
3.128225983045015424e-01 1.633785999999999961e+00
3.196699982673885665e-01 1.611285999999999996e+00
3.266672524899394969e-01 1.593706000000000067e+00
3.338175913859038335e-01 1.579808000000000101e+00
3.411245032800827026e-01 1.566993999999999998e+00
3.485912903071751723e-01 1.553412000000000015e+00
3.562216425308692980e-01 1.539566999999999908e+00
3.640189144227933826e-01 1.528046999999999933e+00
3.719868599361595973e-01 1.521511999999999976e+00
3.801292743636255911e-01 1.520698000000000105e+00
3.884498326752345854e-01 1.523743000000000070e+00
3.969526737144291051e-01 1.527025999999999994e+00
4.056414997215270768e-01 1.527287999999999979e+00
4.145204868460213854e-01 1.524067999999999978e+00
4.235940173275368759e-01 1.520696000000000048e+00
4.328659535344370757e-01 1.522636000000000100e+00
4.423408678727827614e-01 1.534121000000000068e+00
4.520233696082087693e-01 1.555730999999999975e+00
4.619176604055267865e-01 1.584565999999999919e+00
4.720285331807737017e-01 1.616300000000000070e+00
4.823605567984378673e-01 1.647559999999999913e+00
4.929189725005434508e-01 1.677435000000000009e+00
5.037085542305222985e-01 1.707143000000000077e+00
5.147340034826902722e-01 1.737762000000000029e+00
5.260010193899755659e-01 1.767633000000000010e+00
5.375147682182568332e-01 1.791744000000000003e+00
5.492803329078241870e-01 1.803913000000000100e+00
5.613033013614973088e-01 1.800596000000000085e+00
5.735898580135665448e-01 1.783590000000000009e+00
5.861448258358571417e-01 1.759190999999999949e+00
5.989749143316128732e-01 1.734282000000000101e+00
6.120861303119130570e-01 1.712582999999999966e+00
6.254839682204105245e-01 1.693997999999999893e+00
6.391749019026319312e-01 1.676622000000000057e+00
6.531657310067570110e-01 1.658471999999999946e+00
6.674631727194452191e-01 1.637618999999999936e+00
6.820728740300071591e-01 1.611993999999999927e+00
6.970030263871405118e-01 1.580708000000000002e+00
7.122593364734473020e-01 1.546205999999999969e+00
7.278502433567288765e-01 1.514210000000000056e+00
7.437819826252529687e-01 1.490798000000000068e+00
7.600626595656545526e-01 1.479613999999999985e+00
7.766996323880640540e-01 1.481284000000000045e+00
7.937005574159013976e-01 1.494369999999999976e+00
8.110740810733430006e-01 1.516726000000000019e+00
8.288272757110509703e-01 1.546313000000000049e+00
8.469695429752346350e-01 1.581097999999999892e+00
8.655086161382736787e-01 1.618665999999999938e+00
8.844540397880493732e-01 1.656420000000000003e+00
9.038134601323364326e-01 1.692431999999999936e+00
9.235972635660274488e-01 1.726075999999999944e+00
9.438138195107080852e-01 1.757686999999999999e+00
9.644726842046378312e-01 1.787563999999999931e+00
9.855838648094324972e-01 1.815430000000000099e+00
1.007156856623164121e+00 1.840867999999999949e+00
1.029202594413900052e+00 1.864058999999999910e+00
1.051730412046940843e+00 1.885763000000000078e+00
1.074752242739242414e+00 1.906347999999999931e+00
1.098277132661993116e+00 1.924882999999999900e+00
1.122316821060050707e+00 1.939378999999999964e+00
1.146883687643933891e+00 1.948269000000000029e+00
1.171988078537265165e+00 1.952040999999999915e+00
1.197640647923590596e+00 1.953484999999999916e+00
1.223856887071053556e+00 1.956048999999999927e+00
1.250645645814651763e+00 1.961457000000000006e+00
1.278020601692099190e+00 1.968525000000000080e+00
1.305994514823037633e+00 1.973942000000000085e+00
1.334582502555725414e+00 1.973986000000000018e+00
1.363795059788775355e+00 1.965900999999999899e+00
1.393646643680787944e+00 1.948887000000000036e+00
1.424152486855072564e+00 1.924817000000000000e+00
1.455324450032890349e+00 1.898036999999999974e+00
1.487179029585939727e+00 1.873893000000000031e+00
1.519733742648287977e+00 1.856829000000000063e+00
1.552997595959721311e+00 1.849153000000000047e+00
1.586991746055928854e+00 1.850627000000000022e+00
1.621728568046108876e+00 1.858738000000000001e+00
1.657226002538870313e+00 1.869690999999999992e+00
1.693503044918474698e+00 1.879944000000000059e+00
1.730570880722132499e+00 1.887410000000000032e+00
1.768449794594556090e+00 1.891529999999999934e+00
1.807161419272292235e+00 1.892433000000000032e+00
1.846718657952616915e+00 1.890104000000000006e+00
1.887141395956233536e+00 1.884184000000000081e+00
1.928446905999783967e+00 1.874374999999999902e+00
1.970660801980119947e+00 1.860889000000000015e+00
2.013794492272063863e+00 1.844449999999999923e+00
2.057875696076454375e+00 1.825963999999999920e+00
2.102921167794182811e+00 1.806362999999999941e+00
2.148947875120341244e+00 1.786925000000000097e+00
2.195987491655247315e+00 1.769403000000000059e+00
2.244054377925685628e+00 1.755325999999999942e+00
2.293172994677545429e+00 1.744896999999999920e+00
2.343369202504593130e+00 1.736580999999999930e+00
2.394664687077192156e+00 1.727708000000000022e+00
2.447081854888045971e+00 1.715551000000000048e+00
2.500643915808320461e+00 1.698350000000000026e+00
2.555381505681890708e+00 1.676101999999999981e+00
2.611313778074887182e+00 1.650657000000000041e+00
2.668474113132628389e+00 1.624479999999999924e+00
2.726883526623927079e+00 1.598670999999999953e+00
2.786570957242854973e+00 1.572081999999999979e+00
2.847566896465314912e+00 1.542664000000000035e+00
2.909895098281706893e+00 1.509913999999999978e+00
2.973597428432943612e+00 1.475986000000000020e+00
3.038682427299522981e+00 1.444701000000000013e+00
3.105194680180473732e+00 1.419778999999999902e+00
3.173162659491088000e+00 1.403292999999999902e+00
3.242626267866870915e+00 1.394711000000000034e+00
3.313595350363004233e+00 1.390845000000000109e+00
3.386134456627003964e+00 1.386978000000000044e+00
3.460243531939777739e+00 1.378902000000000072e+00
3.535992871438371044e+00 1.364780000000000104e+00
3.613382523514086397e+00 1.345623000000000014e+00
3.692475841976804229e+00 1.324273000000000033e+00
3.773300128292204736e+00 1.303865999999999969e+00
3.855897402281920350e+00 1.286683999999999939e+00
3.940296625529969621e+00 1.273595000000000033e+00
4.026542971266589888e+00 1.264207999999999998e+00
4.114684485993613805e+00 1.257603999999999944e+00
4.204754736656211023e+00 1.253157000000000076e+00
4.296787721499407020e+00 1.251014000000000070e+00
4.390837200929101236e+00 1.252034000000000091e+00
4.486960891648868355e+00 1.257231999999999905e+00
4.585157844058781684e+00 1.267168000000000072e+00
4.685530612914259763e+00 1.281695999999999946e+00
4.788102522851219511e+00 1.300105999999999984e+00
4.892894538551115780e+00 1.321344999999999992e+00
