# frequency(Hz) HVamp
2.000000000000000042e-02 5.113839999999999497e-01
2.043777802275861116e-02 5.397070000000000478e-01
2.088513892042544867e-02 5.601829999999999865e-01
2.134229185993890415e-02 5.676769999999999872e-01
2.180945121728470465e-02 5.590220000000000189e-01
2.228683671448790371e-02 5.339840000000000142e-01
2.277467095838639488e-02 4.953859999999999930e-01
2.327318386720582041e-02 4.474440000000000084e-01
2.378260869151607032e-02 3.945469999999999811e-01
2.430318396985316209e-02 3.416179999999999772e-01
2.483515418061077798e-02 2.947020000000000195e-01
2.537876860438217572e-02 2.601390000000000091e-01
2.593428185548686538e-02 2.430340000000000000e-01
2.650195524800330604e-02 2.461180000000000034e-01
2.708205410122367304e-02 2.689409999999999856e-01
2.767485116257483238e-02 3.077150000000000163e-01
2.828062296556268368e-02 3.569450000000000123e-01
2.889965516642458918e-02 4.122020000000000128e-01
2.953223712425469966e-02 4.714949999999999974e-01
3.017866585007221089e-02 5.336910000000000265e-01
3.083924344304486698e-02 5.954350000000000476e-01
3.151428172097601316e-02 6.501890000000000169e-01
3.220409460893151193e-02 6.917210000000000303e-01
3.290900679366954434e-02 7.192309999999999537e-01
3.362935008254323843e-02 7.379539999999999988e-01
3.436545982617606604e-02 7.544140000000000290e-01
3.511768145762538679e-02 7.719219999999999970e-01
3.588636982920923035e-02 7.899850000000000483e-01
3.667188287528685281e-02 8.064900000000000402e-01
3.747459035401046190e-02 8.202260000000000106e-01
3.829486888200696326e-02 8.322629999999999750e-01
3.913310161841203338e-02 8.455049999999999510e-01
3.998968266187323539e-02 8.630039999999999933e-01
4.086501260624340881e-02 8.860999999999999988e-01
4.175950326235679244e-02 9.132050000000000445e-01
4.267357455111880221e-02 9.398980000000000112e-01
4.360765235805109941e-02 9.605799999999999894e-01
4.456217573218773653e-02 9.703580000000000538e-01
4.553759360593897382e-02 9.653770000000000406e-01
4.653436264861679494e-02 9.427670000000000217e-01
4.755294901990994583e-02 9.032860000000000333e-01
4.859383060501651364e-02 8.539679999999999493e-01
4.965749734357217948e-02 8.051249999999999796e-01
5.074444382592605690e-02 7.645260000000000389e-01
5.185518671652646766e-02 7.345589999999999620e-01
5.299023919793973553e-02 7.131830000000000114e-01
5.415013688613103116e-02 6.965320000000000400e-01
5.533542508618215922e-02 6.810300000000000242e-01
5.654665825930951795e-02 6.644590000000000218e-01
5.778440269534190765e-02 6.464569999999999483e-01
5.904923992113619846e-02 6.285800000000000276e-01
6.034176368113722960e-02 6.136530000000000040e-01
6.166257977365023624e-02 6.042539999999999578e-01
6.301230579922413588e-02 6.011250000000000204e-01
6.439157495481964699e-02 6.023640000000000105e-01
6.580103648476649802e-02 6.035979999999999679e-01
6.724135160227064090e-02 5.994939999999999714e-01
6.871319291929786632e-02 5.863279999999999603e-01
7.021724865648072689e-02 5.639049999999999896e-01
7.175422799231455373e-02 5.356149999999999523e-01
7.332484622679873165e-02 5.068439999999999612e-01
7.492985067379918929e-02 4.827040000000000219e-01
7.656998328017844413e-02 4.662999999999999923e-01
7.824601847091161577e-02 4.580219999999999847e-01
7.995873489609482687e-02 4.557479999999999865e-01
8.170894587125514252e-02 4.557959999999999789e-01
8.349746848200181870e-02 4.544560000000000266e-01
8.532513483931059017e-02 4.495140000000000247e-01
8.719280666320453066e-02 4.408460000000000156e-01
8.910136197668877545e-02 4.298379999999999979e-01
9.105169441740208758e-02 4.185510000000000064e-01
9.304472101470850909e-02 4.091940000000000022e-01
9.508136492722282784e-02 4.039320000000000133e-01
9.716259003207046441e-02 4.046509999999999829e-01
9.928937600698042876e-02 4.121890000000000276e-01
1.014627169666056788e-01 4.253959999999999964e-01
1.036836198025345573e-01 4.410789999999999988e-01
1.059531470945422049e-01 4.551769999999999983e-01
1.082723426204657002e-01 4.644880000000000120e-01
1.106423073612318730e-01 4.679869999999999863e-01
1.130641434367904014e-01 4.669389999999999930e-01
1.155389888050807612e-01 4.638109999999999733e-01
1.180680199308263012e-01 4.608689999999999731e-01
1.206523964642573915e-01 4.592359999999999776e-01
1.232933427266421494e-01 4.586580000000000101e-01
1.259921091142061633e-01 4.579920000000000102e-01
1.287499385219043613e-01 4.559619999999999784e-01
1.315681276210838024e-01 4.516319999999999779e-01
1.344480149355610776e-01 4.444750000000000090e-01
1.373909270603933253e-01 4.342489999999999961e-01
1.403982677661723133e-01 4.209539999999999949e-01
1.434714465996406174e-01 4.049340000000000162e-01
1.466118729226930095e-01 3.869779999999999887e-01
1.498210387691902012e-01 3.683259999999999867e-01
1.531004603883944215e-01 3.506750000000000145e-01
1.564516759885790365e-01 3.359940000000000149e-01
1.598762174374112610e-01 3.258340000000000125e-01
1.633757347823671657e-01 3.202420000000000266e-01
1.669518482487836186e-01 3.172630000000000172e-01
1.706062493069121222e-01 3.138889999999999736e-01
1.743406480276755433e-01 3.079279999999999795e-01
1.781567686922972404e-01 2.993580000000000130e-01
1.820564109071452219e-01 2.901739999999999875e-01
1.860414236112984399e-01 2.829430000000000001e-01
1.901136708649468487e-01 2.794269999999999810e-01
1.942750635716576912e-01 2.801969999999999739e-01
1.985275213739692568e-01 2.848180000000000156e-01
2.028730886819132551e-01 2.919599999999999973e-01
2.073137384534022021e-01 2.996150000000000202e-01
2.118516148918974384e-01 3.057679999999999843e-01
2.164888283105038391e-01 3.091679999999999984e-01
2.212275340673810209e-01 3.096709999999999741e-01
2.260699835805370650e-01 3.079370000000000163e-01
2.310183752015635139e-01 3.046059999999999879e-01
2.360751096568884100e-01 2.996800000000000019e-01
2.412425341466744866e-01 2.927460000000000062e-01
2.465230998307618715e-01 2.837629999999999875e-01
2.519191833183147544e-01 2.736080000000000179e-01
2.574334553825345373e-01 2.638499999999999734e-01
2.630683822583526066e-01 2.558949999999999836e-01
2.688266710467492326e-01 2.501689999999999747e-01
2.747110108843249798e-01 2.461450000000000027e-01
2.807241335168895180e-01 2.431609999999999883e-01
2.868688920234096495e-01 2.411480000000000012e-01
2.931481028187655768e-01 2.405680000000000041e-01
2.995647922697904919e-01 2.417950000000000099e-01
3.061219491886544297e-01 2.446830000000000116e-01
3.128225983045015424e-01 2.486140000000000017e-01
3.196699982673885665e-01 2.527389999999999914e-01
3.266672524899394969e-01 2.561689999999999801e-01
3.338175913859038335e-01 2.580060000000000131e-01
3.411245032800827026e-01 2.573119999999999852e-01
3.485912903071751723e-01 2.533110000000000084e-01
3.562216425308692980e-01 2.458889999999999965e-01
3.640189144227933826e-01 2.358520000000000061e-01
3.719868599361595973e-01 2.245900000000000118e-01
3.801292743636255911e-01 2.134500000000000008e-01
3.884498326752345854e-01 2.033230000000000037e-01
3.969526737144291051e-01 1.946350000000000025e-01
4.056414997215270768e-01 1.875920000000000087e-01
4.145204868460213854e-01 1.823629999999999973e-01
4.235940173275368759e-01 1.791000000000000092e-01
4.328659535344370757e-01 1.777880000000000016e-01
4.423408678727827614e-01 1.780909999999999993e-01
4.520233696082087693e-01 1.794820000000000026e-01
4.619176604055267865e-01 1.815150000000000097e-01
4.720285331807737017e-01 1.839059999999999861e-01
4.823605567984378673e-01 1.865459999999999896e-01
4.929189725005434508e-01 1.895399999999999863e-01
5.037085542305222985e-01 1.930800000000000016e-01
5.147340034826902722e-01 1.970979999999999954e-01
5.260010193899755659e-01 2.010800000000000087e-01
5.375147682182568332e-01 2.043169999999999986e-01
5.492803329078241870e-01 2.064950000000000119e-01
5.613033013614973088e-01 2.081959999999999922e-01
5.735898580135665448e-01 2.108069999999999944e-01
5.861448258358571417e-01 2.157699999999999896e-01
5.989749143316128732e-01 2.236480000000000135e-01
6.120861303119130570e-01 2.336030000000000051e-01
6.254839682204105245e-01 2.435539999999999927e-01
6.391749019026319312e-01 2.509859999999999869e-01
6.531657310067570110e-01 2.538759999999999906e-01
6.674631727194452191e-01 2.512630000000000141e-01
6.820728740300071591e-01 2.436300000000000132e-01
6.970030263871405118e-01 2.331179999999999919e-01
7.122593364734473020e-01 2.231799999999999895e-01
7.278502433567288765e-01 2.173970000000000069e-01
7.437819826252529687e-01 2.179200000000000026e-01
7.600626595656545526e-01 2.244889999999999941e-01
7.766996323880640540e-01 2.346699999999999897e-01
7.937005574159013976e-01 2.449679999999999913e-01
8.110740810733430006e-01 2.521479999999999833e-01
8.288272757110509703e-01 2.545850000000000057e-01
8.469695429752346350e-01 2.533409999999999829e-01
8.655086161382736787e-01 2.520399999999999863e-01
8.844540397880493732e-01 2.550239999999999729e-01
9.038134601323364326e-01 2.648220000000000018e-01
9.235972635660274488e-01 2.809169999999999723e-01
9.438138195107080852e-01 3.008589999999999876e-01
9.644726842046378312e-01 3.226990000000000136e-01
9.855838648094324972e-01 3.462509999999999755e-01
1.007156856623164121e+00 3.720959999999999823e-01
1.029202594413900052e+00 3.996489999999999765e-01
1.051730412046940843e+00 4.261099999999999888e-01
1.074752242739242414e+00 4.471979999999999844e-01
1.098277132661993116e+00 4.592689999999999828e-01
1.122316821060050707e+00 4.612410000000000121e-01
1.146883687643933891e+00 4.549900000000000055e-01
1.171988078537265165e+00 4.442969999999999975e-01
1.197640647923590596e+00 4.333520000000000150e-01
1.223856887071053556e+00 4.256440000000000223e-01
1.250645645814651763e+00 4.233910000000000173e-01
1.278020601692099190e+00 4.272730000000000139e-01
1.305994514823037633e+00 4.364029999999999854e-01
1.334582502555725414e+00 4.487349999999999950e-01
1.363795059788775355e+00 4.619889999999999830e-01
1.393646643680787944e+00 4.747089999999999921e-01
1.424152486855072564e+00 4.869709999999999872e-01
1.455324450032890349e+00 5.003870000000000262e-01
1.487179029585939727e+00 5.172369999999999468e-01
1.519733742648287977e+00 5.388640000000000096e-01
1.552997595959721311e+00 5.641500000000000403e-01
1.586991746055928854e+00 5.894049999999999567e-01
1.621728568046108876e+00 6.102459999999999551e-01
1.657226002538870313e+00 6.239419999999999966e-01
1.693503044918474698e+00 6.301560000000000494e-01
1.730570880722132499e+00 6.299770000000000092e-01
1.768449794594556090e+00 6.247260000000000035e-01
1.807161419272292235e+00 6.155549999999999633e-01
1.846718657952616915e+00 6.037059999999999649e-01
1.887141395956233536e+00 5.908910000000000551e-01
1.928446905999783967e+00 5.793110000000000204e-01
1.970660801980119947e+00 5.710749999999999993e-01
2.013794492272063863e+00 5.673479999999999634e-01
2.057875696076454375e+00 5.678159999999999874e-01
2.102921167794182811e+00 5.708480000000000221e-01
2.148947875120341244e+00 5.742429999999999479e-01
2.195987491655247315e+00 5.760469999999999757e-01
2.244054377925685628e+00 5.750690000000000524e-01
2.293172994677545429e+00 5.709940000000000015e-01
2.343369202504593130e+00 5.640680000000000138e-01
2.394664687077192156e+00 5.544900000000000384e-01
2.447081854888045971e+00 5.420890000000000430e-01
2.500643915808320461e+00 5.266760000000000330e-01
2.555381505681890708e+00 5.087409999999999988e-01
2.611313778074887182e+00 4.897039999999999726e-01
2.668474113132628389e+00 4.714630000000000210e-01
2.726883526623927079e+00 4.556660000000000155e-01
2.786570957242854973e+00 4.432440000000000269e-01
2.847566896465314912e+00 4.343730000000000091e-01
2.909895098281706893e+00 4.287529999999999952e-01
2.973597428432943612e+00 4.259249999999999980e-01
3.038682427299522981e+00 4.253609999999999891e-01
3.105194680180473732e+00 4.263069999999999915e-01
3.173162659491088000e+00 4.277710000000000123e-01
3.242626267866870915e+00 4.288460000000000050e-01
3.313595350363004233e+00 4.290630000000000277e-01
3.386134456627003964e+00 4.284749999999999948e-01
3.460243531939777739e+00 4.275010000000000199e-01
3.535992871438371044e+00 4.266510000000000025e-01
3.613382523514086397e+00 4.262969999999999815e-01
3.692475841976804229e+00 4.264649999999999830e-01
3.773300128292204736e+00 4.267409999999999815e-01
3.855897402281920350e+00 4.264089999999999825e-01
3.940296625529969621e+00 4.247520000000000184e-01
4.026542971266589888e+00 4.214240000000000208e-01
4.114684485993613805e+00 4.167279999999999873e-01
4.204754736656211023e+00 4.115619999999999834e-01
4.296787721499407020e+00 4.070389999999999842e-01
4.390837200929101236e+00 4.040290000000000270e-01
4.486960891648868355e+00 4.027930000000000121e-01
4.585157844058781684e+00 4.028829999999999911e-01
4.685530612914259763e+00 4.032950000000000146e-01
4.788102522851219511e+00 4.028160000000000074e-01
4.892894538551115780e+00 4.004679999999999906e-01
